-20 7.66271e-173
-19.99 1.14246e-172
-19.98 1.70298e-172
-19.97 2.53801e-172
-19.96 3.78172e-172
-19.95 5.63376e-172
-19.94 8.39113e-172
-19.93 1.24956e-171
-19.92 1.86039e-171
-19.91 2.76927e-171
-19.9 4.12135e-171
-19.89 6.13235e-171
-19.88 9.12278e-171
-19.87 1.35688e-170
-19.86 2.01775e-170
-19.85 2.9999e-170
-19.84 4.45922e-170
-19.83 6.62712e-170
-19.82 9.84699e-170
-19.81 1.46283e-169
-19.8 2.1727e-169
-19.79 3.22639e-169
-19.78 4.79014e-169
-19.77 7.11036e-169
-19.76 1.05523e-168
-19.75 1.56573e-168
-19.74 2.32274e-168
-19.73 3.44506e-168
-19.72 5.10865e-168
-19.71 7.57404e-168
-19.7 1.1227e-167
-19.69 1.66384e-167
-19.68 2.46531e-167
-19.67 3.65213e-167
-19.66 5.4092e-167
-19.65 8.01001e-167
-19.64 1.18589e-166
-19.63 1.75538e-166
-19.62 2.59783e-166
-19.61 3.84382e-166
-19.6 5.68629e-166
-19.59 8.41021e-166
-19.58 1.24365e-165
-19.57 1.83866e-165
-19.56 2.71781e-165
-19.55 4.01652e-165
-19.54 5.93463e-165
-19.53 8.76698e-165
-19.52 1.29485e-164
-19.51 1.91206e-164
-19.5 2.82291e-164
-19.49 4.16683e-164
-19.48 6.14933e-164
-19.47 9.07324e-164
-19.46 1.33847e-163
-19.45 1.97411e-163
-19.44 2.91101e-163
-19.43 4.29171e-163
-19.42 6.32602e-163
-19.41 9.32273e-163
-19.4 1.37363e-162
-19.39 2.02352e-162
-19.38 2.9803e-162
-19.37 4.38858e-162
-19.36 6.46104e-162
-19.35 9.51028e-162
-19.34 1.39958e-161
-19.33 2.05927e-161
-19.32 3.02931e-161
-19.31 4.4554e-161
-19.3 6.55154e-161
-19.29 9.63191e-161
-19.28 1.41578e-160
-19.27 2.0806e-160
-19.26 3.05701e-160
-19.25 4.49075e-160
-19.24 6.59558e-160
-19.23 9.68501e-160
-19.22 1.42187e-159
-19.21 2.08705e-159
-19.2 3.06281e-159
-19.19 4.49385e-159
-19.18 6.59221e-159
-19.17 9.66845e-159
-19.16 1.41773e-158
-19.15 2.07848e-158
-19.14 3.04657e-158
-19.13 4.46466e-158
-19.12 6.54152e-158
-19.11 9.58257e-158
-19.1 1.40346e-157
-19.09 2.05508e-157
-19.08 3.00864e-157
-19.07 4.40379e-157
-19.06 6.44458e-157
-19.05 9.42923e-157
-19.04 1.37934e-156
-19.03 2.01734e-156
-19.02 2.94985e-156
-19.01 4.31254e-156
-19 6.30347e-156
-18.99 9.21169e-156
-18.98 1.3459e-155
-18.97 1.96607e-155
-18.96 2.87142e-155
-18.95 4.19284e-155
-18.94 6.12116e-155
-18.93 8.93452e-155
-18.92 1.30383e-154
-18.91 1.90233e-154
-18.9 2.775e-154
-18.89 4.04718e-154
-18.88 5.90141e-154
-18.87 8.60343e-154
-18.86 1.25401e-153
-18.85 1.82744e-153
-18.84 2.66255e-153
-18.83 3.87852e-153
-18.82 5.64868e-153
-18.81 8.2251e-153
-18.8 1.19742e-152
-18.79 1.74288e-152
-18.78 2.5363e-152
-18.77 3.69018e-152
-18.76 5.36793e-152
-18.75 7.8069e-152
-18.74 1.13518e-151
-18.73 1.6503e-151
-18.72 2.39869e-151
-18.71 3.48576e-151
-18.7 5.06448e-151
-18.69 7.35674e-151
-18.68 1.06844e-150
-18.67 1.5514e-150
-18.66 2.25224e-150
-18.65 3.26901e-150
-18.64 4.74386e-150
-18.63 6.88273e-150
-18.62 9.98394e-150
-18.61 1.44796e-149
-18.6 2.09954e-149
-18.59 3.04372e-149
-18.58 4.41162e-149
-18.57 6.39299e-149
-18.56 9.2624e-149
-18.55 1.3417e-148
-18.54 1.94313e-148
-18.53 2.81359e-148
-18.52 4.07316e-148
-18.51 5.89544e-148
-18.5 8.53128e-148
-18.49 1.23431e-147
-18.48 1.78545e-147
-18.47 2.58217e-147
-18.46 3.73366e-147
-18.45 5.39756e-147
-18.44 7.8014e-147
-18.43 1.12736e-146
-18.42 1.62878e-146
-18.41 2.35276e-146
-18.4 3.39786e-146
-18.39 4.90621e-146
-18.38 7.08272e-146
-18.37 1.02227e-145
-18.36 1.47519e-145
-18.35 2.12833e-145
-18.34 3.07005e-145
-18.33 4.42756e-145
-18.32 6.38404e-145
-18.31 9.20324e-145
-18.3 1.32647e-144
-18.29 1.91148e-144
-18.28 2.75393e-144
-18.27 3.96689e-144
-18.26 5.71295e-144
-18.25 8.22589e-144
-18.24 1.18418e-143
-18.23 1.70439e-143
-18.22 2.45262e-143
-18.21 3.52862e-143
-18.2 5.07566e-143
-18.19 7.29951e-143
-18.18 1.04956e-142
-18.17 1.50881e-142
-18.16 2.16858e-142
-18.15 3.11622e-142
-18.14 4.47707e-142
-18.13 6.43091e-142
-18.12 9.23559e-142
-18.11 1.32608e-141
-18.1 1.90365e-141
-18.09 2.73224e-141
-18.08 3.92069e-141
-18.07 5.62497e-141
-18.06 8.06845e-141
-18.05 1.15711e-140
-18.04 1.65909e-140
-18.03 2.37836e-140
-18.02 3.40879e-140
-18.01 4.88467e-140
-18 6.99816e-140
-17.99 1.00241e-139
-17.98 1.43555e-139
-17.97 2.05545e-139
-17.96 2.94243e-139
-17.95 4.21133e-139
-17.94 6.02623e-139
-17.93 8.62154e-139
-17.92 1.23321e-138
-17.91 1.76361e-138
-17.9 2.52162e-138
-17.89 3.60472e-138
-17.88 5.152e-138
-17.87 7.36195e-138
-17.86 1.05178e-137
-17.85 1.50233e-137
-17.84 2.14547e-137
-17.83 3.06332e-137
-17.82 4.37295e-137
-17.81 6.24122e-137
-17.8 8.9059e-137
-17.79 1.27057e-136
-17.78 1.81231e-136
-17.77 2.58452e-136
-17.76 3.68503e-136
-17.75 5.25308e-136
-17.74 7.48687e-136
-17.73 1.06684e-135
-17.72 1.51989e-135
-17.71 2.1649e-135
-17.7 3.08301e-135
-17.69 4.38962e-135
-17.68 6.24872e-135
-17.67 8.89341e-135
-17.66 1.26549e-134
-17.65 1.80037e-134
-17.64 2.56081e-134
-17.63 3.64173e-134
-17.62 5.17785e-134
-17.61 7.36046e-134
-17.6 1.0461e-133
-17.59 1.48646e-133
-17.58 2.11178e-133
-17.57 2.99955e-133
-17.56 4.25967e-133
-17.55 6.04797e-133
-17.54 8.58531e-133
-17.53 1.21847e-132
-17.52 1.72897e-132
-17.51 2.45286e-132
-17.5 3.47913e-132
-17.49 4.93381e-132
-17.48 6.99531e-132
-17.47 9.91617e-132
-17.46 1.40538e-131
-17.45 1.9914e-131
-17.44 2.8212e-131
-17.43 3.99598e-131
-17.42 5.65882e-131
-17.41 8.012e-131
-17.4 1.13415e-130
-17.39 1.60513e-130
-17.38 2.27125e-130
-17.37 3.21316e-130
-17.36 4.54477e-130
-17.35 6.42696e-130
-17.34 9.08682e-130
-17.33 1.28449e-129
-17.32 1.81536e-129
-17.31 2.56513e-129
-17.3 3.62382e-129
-17.29 5.11845e-129
-17.28 7.22807e-129
-17.27 1.02052e-128
-17.26 1.44055e-128
-17.25 2.03307e-128
-17.24 2.86873e-128
-17.23 4.04705e-128
-17.22 5.70822e-128
-17.21 8.04963e-128
-17.2 1.13492e-127
-17.19 1.5998e-127
-17.18 2.25465e-127
-17.17 3.17692e-127
-17.16 4.47556e-127
-17.15 6.30377e-127
-17.14 8.877e-127
-17.13 1.24981e-126
-17.12 1.75929e-126
-17.11 2.47595e-126
-17.1 3.48386e-126
-17.09 4.90108e-126
-17.08 6.89344e-126
-17.07 9.69378e-126
-17.06 1.3629e-125
-17.05 1.91578e-125
-17.04 2.69242e-125
-17.03 3.78313e-125
-17.02 5.31464e-125
-17.01 7.46464e-125
-17 1.04823e-124
-16.99 1.4717e-124
-16.98 2.06582e-124
-16.97 2.89921e-124
-16.96 4.06798e-124
-16.95 5.70679e-124
-16.94 8.0042e-124
-16.93 1.12242e-123
-16.92 1.57365e-123
-16.91 2.20584e-123
-16.9 3.09138e-123
-16.89 4.33155e-123
-16.88 6.06802e-123
-16.87 8.49892e-123
-16.86 1.19013e-122
-16.85 1.66624e-122
-16.84 2.33234e-122
-16.83 3.26408e-122
-16.82 4.56713e-122
-16.81 6.38908e-122
-16.8 8.93606e-122
-16.79 1.24959e-121
-16.78 1.74703e-121
-16.77 2.44201e-121
-16.76 3.41277e-121
-16.75 4.76848e-121
-16.74 6.6614e-121
-16.73 9.30389e-121
-16.72 1.2992e-120
-16.71 1.81385e-120
-16.7 2.53185e-120
-16.69 3.53337e-120
-16.68 4.93007e-120
-16.67 6.87749e-120
-16.66 9.59223e-120
-16.65 1.33759e-119
-16.64 1.86482e-119
-16.63 2.59936e-119
-16.62 3.6225e-119
-16.61 5.04734e-119
-16.6 7.03121e-119
-16.59 9.79288e-119
-16.58 1.36365e-118
-16.57 1.8985e-118
-16.56 2.64259e-118
-16.55 3.67758e-118
-16.54 5.11691e-118
-16.53 7.11814e-118
-16.52 9.90006e-118
-16.51 1.37665e-117
-16.5 1.9139e-117
-16.49 2.6603e-117
-16.48 3.69703e-117
-16.47 5.13676e-117
-16.46 7.13574e-117
-16.45 9.91063e-117
-16.44 1.37618e-116
-16.43 1.91058e-116
-16.42 2.65195e-116
-16.41 3.68027e-116
-16.4 5.10631e-116
-16.39 7.0835e-116
-16.38 9.82428e-116
-16.37 1.36228e-115
-16.36 1.88863e-115
-16.35 2.61781e-115
-16.34 3.6278e-115
-16.33 5.02645e-115
-16.32 6.96293e-115
-16.31 9.64353e-115
-16.3 1.33534e-114
-16.29 1.84869e-114
-16.28 2.55886e-114
-16.27 3.54113e-114
-16.26 4.89949e-114
-16.25 6.77755e-114
-16.24 9.37363e-114
-16.23 1.29615e-113
-16.22 1.79191e-113
-16.21 2.47679e-113
-16.2 3.42276e-113
-16.19 4.72908e-113
-16.18 6.53265e-113
-16.17 9.02225e-113
-16.16 1.24581e-112
-16.15 1.71991e-112
-16.14 2.37394e-112
-16.13 3.27603e-112
-16.12 4.51999e-112
-16.11 6.23507e-112
-16.1 8.5992e-112
-16.09 1.18573e-111
-16.08 1.63467e-111
-16.07 2.25312e-111
-16.06 3.10494e-111
-16.05 4.27794e-111
-16.04 5.8929e-111
-16.03 8.1159e-111
-16.02 1.11752e-110
-16.01 1.53847e-110
-16 2.11756e-110
-15.99 2.91404e-110
-15.98 4.00929e-110
-15.97 5.51509e-110
-15.96 7.58492e-110
-15.95 1.04295e-109
-15.94 1.43379e-109
-15.93 1.97071e-109
-15.92 2.70815e-109
-15.91 3.7208e-109
-15.9 5.11107e-109
-15.89 7.01941e-109
-15.88 9.63835e-109
-15.87 1.32318e-108
-15.86 1.81612e-108
-15.85 2.49222e-108
-15.84 3.41932e-108
-15.83 4.69036e-108
-15.82 6.43259e-108
-15.81 8.82021e-108
-15.8 1.20916e-107
-15.79 1.65731e-107
-15.78 2.27109e-107
-15.77 3.11157e-107
-15.76 4.26223e-107
-15.75 5.83723e-107
-15.74 7.99264e-107
-15.73 1.09418e-106
-15.72 1.4976e-106
-15.71 2.04936e-106
-15.7 2.80384e-106
-15.69 3.83532e-106
-15.68 5.24521e-106
-15.67 7.17195e-106
-15.66 9.80448e-106
-15.65 1.34006e-105
-15.64 1.83121e-105
-15.63 2.50186e-105
-15.62 3.41745e-105
-15.61 4.66718e-105
-15.6 6.37264e-105
-15.59 8.69956e-105
-15.58 1.18738e-104
-15.57 1.62029e-104
-15.56 2.21059e-104
-15.55 3.01536e-104
-15.54 4.11227e-104
-15.53 5.60708e-104
-15.52 7.64373e-104
-15.51 1.04181e-103
-15.5 1.41965e-103
-15.49 1.93414e-103
-15.48 2.63457e-103
-15.47 3.58792e-103
-15.46 4.88528e-103
-15.45 6.65041e-103
-15.44 9.05151e-103
-15.43 1.2317e-102
-15.42 1.67573e-102
-15.41 2.27937e-102
-15.4 3.09984e-102
-15.39 4.2148e-102
-15.38 5.72963e-102
-15.37 7.78735e-102
-15.36 1.05819e-101
-15.35 1.43765e-101
-15.34 1.95279e-101
-15.33 2.65199e-101
-15.32 3.6008e-101
-15.31 4.8881e-101
-15.3 6.63428e-101
-15.29 9.00244e-101
-15.28 1.22135e-100
-15.27 1.65666e-100
-15.26 2.24666e-100
-15.25 3.04619e-100
-15.24 4.12941e-100
-15.23 5.5967e-100
-15.22 7.58384e-100
-15.21 1.02745e-99
-15.2 1.39169e-99
-15.19 1.88469e-99
-15.18 2.55181e-99
-15.17 3.45438e-99
-15.16 4.67526e-99
-15.15 6.32635e-99
-15.14 8.55883e-99
-15.13 1.15768e-98
-15.12 1.56558e-98
-15.11 2.11678e-98
-15.1 2.86146e-98
-15.09 3.86735e-98
-15.08 5.22579e-98
-15.07 7.05998e-98
-15.06 9.53604e-98
-15.05 1.28779e-97
-15.04 1.73875e-97
-15.03 2.34714e-97
-15.02 3.16779e-97
-15.01 4.2745e-97
-15 5.7667e-97
-14.99 7.77827e-97
-14.98 1.04894e-96
-14.97 1.41427e-96
-14.96 1.90645e-96
-14.95 2.56941e-96
-14.94 3.46221e-96
-14.93 4.66429e-96
-14.92 6.28249e-96
-14.91 8.46039e-96
-14.9 1.1391e-95
-14.89 1.53337e-95
-14.88 2.06369e-95
-14.87 2.77687e-95
-14.86 3.73576e-95
-14.85 5.02476e-95
-14.84 6.75716e-95
-14.83 9.08504e-95
-14.82 1.22124e-94
-14.81 1.64131e-94
-14.8 2.20542e-94
-14.79 2.96282e-94
-14.78 3.97954e-94
-14.77 5.34407e-94
-14.76 7.17506e-94
-14.75 9.63144e-94
-14.74 1.29262e-93
-14.73 1.73445e-93
-14.72 2.32684e-93
-14.71 3.12093e-93
-14.7 4.18519e-93
-14.69 5.61123e-93
-14.68 7.52168e-93
-14.67 1.00806e-92
-14.66 1.35072e-92
-14.65 1.80951e-92
-14.64 2.42365e-92
-14.63 3.24557e-92
-14.62 4.34536e-92
-14.61 5.81664e-92
-14.6 7.78453e-92
-14.59 1.04161e-91
-14.58 1.39345e-91
-14.57 1.86376e-91
-14.56 2.49231e-91
-14.55 3.33216e-91
-14.54 4.45414e-91
-14.53 5.95271e-91
-14.52 7.95386e-91
-14.51 1.06256e-90
-14.5 1.4192e-90
-14.49 1.89516e-90
-14.48 2.53024e-90
-14.47 3.37745e-90
-14.46 4.50744e-90
-14.45 6.01429e-90
-14.44 8.02327e-90
-14.43 1.07012e-89
-14.42 1.427e-89
-14.41 1.90252e-89
-14.4 2.53599e-89
-14.39 3.37971e-89
-14.38 4.50323e-89
-14.37 5.99904e-89
-14.36 7.9901e-89
-14.35 1.06399e-88
-14.34 1.41655e-88
-14.33 1.88556e-88
-14.32 2.50936e-88
-14.31 3.33886e-88
-14.3 4.44167e-88
-14.29 5.90755e-88
-14.28 7.85563e-88
-14.27 1.0444e-87
-14.26 1.38825e-87
-14.25 1.84493e-87
-14.24 2.45135e-87
-14.23 3.25645e-87
-14.22 4.32509e-87
-14.21 5.74328e-87
-14.2 7.62495e-87
-14.19 1.01211e-86
-14.18 1.34317e-86
-14.17 1.78216e-86
-14.16 2.36415e-86
-14.15 3.13557e-86
-14.14 4.15788e-86
-14.13 5.51239e-86
-14.12 7.30668e-86
-14.11 9.68309e-86
-14.1 1.28298e-85
-14.09 1.69957e-85
-14.08 2.25098e-85
-14.07 2.98069e-85
-14.06 3.94617e-85
-14.05 5.22332e-85
-14.04 6.91243e-85
-14.03 9.14592e-85
-14.02 1.20987e-84
-14.01 1.60015e-84
-14 2.1159e-84
-13.99 2.79734e-84
-13.98 3.69748e-84
-13.97 4.8863e-84
-13.96 6.45607e-84
-13.95 8.52841e-84
-13.94 1.12637e-83
-13.93 1.48733e-83
-13.92 1.96357e-83
-13.91 2.59178e-83
-13.9 3.42029e-83
-13.89 4.51275e-83
-13.88 5.95295e-83
-13.87 7.85119e-83
-13.86 1.03527e-82
-13.85 1.36484e-82
-13.84 1.79897e-82
-13.83 2.37071e-82
-13.82 3.12354e-82
-13.81 4.11461e-82
-13.8 5.41904e-82
-13.79 7.13559e-82
-13.78 9.39398e-82
-13.77 1.23647e-81
-13.76 1.62715e-81
-13.75 2.14085e-81
-13.74 2.81616e-81
-13.73 3.70376e-81
-13.72 4.87012e-81
-13.71 6.40251e-81
-13.7 8.41537e-81
-13.69 1.10588e-80
-13.68 1.45298e-80
-13.67 1.90862e-80
-13.66 2.50666e-80
-13.65 3.29141e-80
-13.64 4.32099e-80
-13.63 5.67148e-80
-13.62 7.44257e-80
-13.61 9.76478e-80
-13.6 1.2809e-79
-13.59 1.67989e-79
-13.58 2.20271e-79
-13.57 2.88768e-79
-13.56 3.78488e-79
-13.55 4.95986e-79
-13.54 6.49829e-79
-13.53 8.5122e-79
-13.52 1.1148e-78
-13.51 1.45971e-78
-13.5 1.91094e-78
-13.49 2.50116e-78
-13.48 3.27302e-78
-13.47 4.28221e-78
-13.46 5.60146e-78
-13.45 7.32566e-78
-13.44 9.57867e-78
-13.43 1.25221e-77
-13.42 1.63667e-77
-13.41 2.13874e-77
-13.4 2.79428e-77
-13.39 3.65e-77
-13.38 4.76682e-77
-13.37 6.22411e-77
-13.36 8.1253e-77
-13.35 1.06051e-76
-13.34 1.38389e-76
-13.33 1.80552e-76
-13.32 2.35514e-76
-13.31 3.07144e-76
-13.3 4.00481e-76
-13.29 5.22076e-76
-13.28 6.80454e-76
-13.27 8.867e-76
-13.26 1.15523e-75
-13.25 1.50477e-75
-13.24 1.95969e-75
-13.23 2.55163e-75
-13.22 3.3217e-75
-13.21 4.3233e-75
-13.2 5.62579e-75
-13.19 7.31922e-75
-13.18 9.52047e-75
-13.17 1.23813e-74
-13.16 1.60985e-74
-13.15 2.09275e-74
-13.14 2.71997e-74
-13.13 3.53445e-74
-13.12 4.59191e-74
-13.11 5.96455e-74
-13.1 7.74595e-74
-13.09 1.00574e-73
-13.08 1.30559e-73
-13.07 1.69451e-73
-13.06 2.19883e-73
-13.05 2.85268e-73
-13.04 3.70022e-73
-13.03 4.79861e-73
-13.02 6.22179e-73
-13.01 8.06545e-73
-13 1.04533e-72
-12.99 1.35454e-72
-12.98 1.75487e-72
-12.97 2.27305e-72
-12.96 2.94366e-72
-12.95 3.81134e-72
-12.94 4.93379e-72
-12.93 6.38553e-72
-12.92 8.26278e-72
-12.91 1.06898e-71
-12.9 1.38268e-71
-12.89 1.78809e-71
-12.88 2.31191e-71
-12.87 2.98858e-71
-12.86 3.86252e-71
-12.85 4.99103e-71
-12.84 6.44795e-71
-12.83 8.3285e-71
-12.82 1.07554e-70
-12.81 1.38866e-70
-12.8 1.79258e-70
-12.79 2.31353e-70
-12.78 2.98528e-70
-12.77 3.8513e-70
-12.76 4.96755e-70
-12.75 6.40605e-70
-12.74 8.25945e-70
-12.73 1.06469e-69
-12.72 1.37218e-69
-12.71 1.76812e-69
-12.7 2.27784e-69
-12.69 2.93392e-69
-12.68 3.77821e-69
-12.67 4.86449e-69
-12.66 6.26183e-69
-12.65 8.05894e-69
-12.64 1.03697e-68
-12.63 1.33404e-68
-12.62 1.71587e-68
-12.61 2.20655e-68
-12.6 2.83697e-68
-12.59 3.64677e-68
-12.58 4.68678e-68
-12.57 6.02219e-68
-12.56 7.73654e-68
-12.55 9.93693e-68
-12.54 1.27606e-67
-12.53 1.63833e-67
-12.52 2.10303e-67
-12.51 2.699e-67
-12.5 3.46316e-67
-12.49 4.44278e-67
-12.48 5.69836e-67
-12.47 7.30732e-67
-12.46 9.3687e-67
-12.45 1.20092e-66
-12.44 1.53908e-66
-12.43 1.97206e-66
-12.42 2.52634e-66
-12.41 3.23577e-66
-12.4 4.14358e-66
-12.39 5.30502e-66
-12.38 6.79065e-66
-12.37 8.69057e-66
-12.36 1.11198e-65
-12.35 1.42253e-65
-12.34 1.81943e-65
-12.33 2.32661e-65
-12.32 2.97458e-65
-12.31 3.80224e-65
-12.3 4.85922e-65
-12.29 6.20878e-65
-12.28 7.93156e-65
-12.27 1.01303e-64
-12.26 1.29361e-64
-12.25 1.65156e-64
-12.24 2.10813e-64
-12.23 2.69038e-64
-12.22 3.43276e-64
-12.21 4.37912e-64
-12.2 5.58524e-64
-12.19 7.12213e-64
-12.18 9.08011e-64
-12.17 1.1574e-63
-12.16 1.475e-63
-12.15 1.87937e-63
-12.14 2.39411e-63
-12.13 3.04922e-63
-12.12 3.88282e-63
-12.11 4.94332e-63
-12.1 6.2922e-63
-12.09 8.00754e-63
-12.08 1.01885e-62
-12.07 1.29608e-62
-12.06 1.64841e-62
-12.05 2.09611e-62
-12.04 2.66486e-62
-12.03 3.38726e-62
-12.02 4.30463e-62
-12.01 5.46934e-62
-12 6.9478e-62
-11.99 8.82414e-62
-11.98 1.1205e-61
-11.97 1.42253e-61
-11.96 1.80561e-61
-11.95 2.2914e-61
-11.94 2.9073e-61
-11.93 3.68801e-61
-11.92 4.67743e-61
-11.91 5.9311e-61
-11.9 7.51927e-61
-11.89 9.5308e-61
-11.88 1.2078e-60
-11.87 1.53029e-60
-11.86 1.9385e-60
-11.85 2.45511e-60
-11.84 3.10878e-60
-11.83 3.93568e-60
-11.82 4.98153e-60
-11.81 6.30404e-60
-11.8 7.97606e-60
-11.79 1.00895e-59
-11.78 1.27604e-59
-11.77 1.61351e-59
-11.76 2.03982e-59
-11.75 2.57825e-59
-11.74 3.25815e-59
-11.73 4.11652e-59
-11.72 5.19998e-59
-11.71 6.56729e-59
-11.7 8.29246e-59
-11.69 1.04687e-58
-11.68 1.32135e-58
-11.67 1.66745e-58
-11.66 2.10378e-58
-11.65 2.65376e-58
-11.64 3.34685e-58
-11.63 4.2201e-58
-11.62 5.32014e-58
-11.61 6.70557e-58
-11.6 8.45008e-58
-11.59 1.06463e-57
-11.58 1.34107e-57
-11.57 1.68894e-57
-11.56 2.12663e-57
-11.55 2.6772e-57
-11.54 3.36964e-57
-11.53 4.24031e-57
-11.52 5.3349e-57
-11.51 6.71068e-57
-11.5 8.43957e-57
-11.49 1.06117e-56
-11.48 1.33403e-56
-11.47 1.67671e-56
-11.46 2.10699e-56
-11.45 2.64716e-56
-11.44 3.32515e-56
-11.43 4.17594e-56
-11.42 5.24337e-56
-11.41 6.58233e-56
-11.4 8.26154e-56
-11.39 1.03671e-55
-11.38 1.30066e-55
-11.37 1.63149e-55
-11.36 2.04605e-55
-11.35 2.56544e-55
-11.34 3.21603e-55
-11.33 4.0308e-55
-11.32 5.05098e-55
-11.31 6.32809e-55
-11.3 7.92652e-55
-11.29 9.92671e-55
-11.28 1.24291e-54
-11.27 1.55592e-54
-11.26 1.94738e-54
-11.25 2.43682e-54
-11.24 3.04867e-54
-11.23 3.81337e-54
-11.22 4.76894e-54
-11.21 5.96275e-54
-11.2 7.45391e-54
-11.19 9.31611e-54
-11.18 1.16412e-53
-11.17 1.45437e-53
-11.16 1.81662e-53
-11.15 2.26864e-53
-11.14 2.83256e-53
-11.13 3.53595e-53
-11.12 4.41313e-53
-11.11 5.5068e-53
-11.1 6.87013e-53
-11.09 8.56926e-53
-11.08 1.06865e-52
-11.07 1.33241e-52
-11.06 1.66095e-52
-11.05 2.07007e-52
-11.04 2.57945e-52
-11.03 3.21353e-52
-11.02 4.00268e-52
-11.01 4.98461e-52
-11 6.20619e-52
-10.99 7.72558e-52
-10.98 9.61502e-52
-10.97 1.19642e-51
-10.96 1.48842e-51
-10.95 1.85133e-51
-10.94 2.30226e-51
-10.93 2.86245e-51
-10.92 3.55822e-51
-10.91 4.42223e-51
-10.9 5.49494e-51
-10.89 6.82649e-51
-10.88 8.47899e-51
-10.87 1.05294e-50
-10.86 1.3073e-50
-10.85 1.62279e-50
-10.84 2.014e-50
-10.83 2.49902e-50
-10.82 3.10023e-50
-10.81 3.8453e-50
-10.8 4.76847e-50
-10.79 5.91208e-50
-10.78 7.3285e-50
-10.77 9.08244e-50
-10.76 1.12539e-49
-10.75 1.39417e-49
-10.74 1.7268e-49
-10.73 2.13835e-49
-10.72 2.64747e-49
-10.71 3.27714e-49
-10.7 4.05575e-49
-10.69 5.01835e-49
-10.68 6.20816e-49
-10.67 7.67853e-49
-10.66 9.49523e-49
-10.65 1.17394e-48
-10.64 1.45111e-48
-10.63 1.79335e-48
-10.62 2.21587e-48
-10.61 2.73738e-48
-10.6 3.38096e-48
-10.59 4.17501e-48
-10.58 5.1545e-48
-10.57 6.36252e-48
-10.56 7.85208e-48
-10.55 9.68841e-48
-10.54 1.19518e-47
-10.53 1.4741e-47
-10.52 1.81775e-47
-10.51 2.24105e-47
-10.5 2.76238e-47
-10.49 3.40431e-47
-10.48 4.19456e-47
-10.47 5.16721e-47
-10.46 6.36413e-47
-10.45 7.83672e-47
-10.44 9.64812e-47
-10.43 1.18758e-46
-10.42 1.46149e-46
-10.41 1.79822e-46
-10.4 2.21209e-46
-10.39 2.72066e-46
-10.38 3.34549e-46
-10.37 4.11299e-46
-10.36 5.05554e-46
-10.35 6.21284e-46
-10.34 7.63354e-46
-10.33 9.37723e-46
-10.32 1.15169e-45
-10.31 1.4142e-45
-10.3 1.73618e-45
-10.29 2.13106e-45
-10.28 2.61521e-45
-10.27 3.20872e-45
-10.26 3.93613e-45
-10.25 4.82747e-45
-10.24 5.91947e-45
-10.23 7.25702e-45
-10.22 8.89502e-45
-10.21 1.09005e-44
-10.2 1.33556e-44
-10.19 1.63602e-44
-10.18 2.00368e-44
-10.17 2.45347e-44
-10.16 3.00362e-44
-10.15 3.6764e-44
-10.14 4.49896e-44
-10.13 5.50447e-44
-10.12 6.73335e-44
-10.11 8.23492e-44
-10.1 1.00693e-43
-10.09 1.23099e-43
-10.08 1.5046e-43
-10.07 1.83865e-43
-10.06 2.24642e-43
-10.05 2.74408e-43
-10.04 3.3513e-43
-10.03 4.09208e-43
-10.02 4.99559e-43
-10.01 6.09736e-43
-10 7.44064e-43
-9.99 9.07802e-43
-9.98 1.10735e-42
-9.97 1.35049e-42
-9.96 1.64668e-42
-9.95 2.00744e-42
-9.94 2.44673e-42
-9.93 2.98156e-42
-9.92 3.63256e-42
-9.91 4.42482e-42
-9.9 5.38879e-42
-9.89 6.56144e-42
-9.88 7.98766e-42
-9.87 9.72194e-42
-9.86 1.18304e-41
-9.85 1.43932e-41
-9.84 1.75077e-41
-9.83 2.12918e-41
-9.82 2.58887e-41
-9.81 3.14716e-41
-9.8 3.82509e-41
-9.79 4.64811e-41
-9.78 5.64708e-41
-9.77 6.85937e-41
-9.76 8.33023e-41
-9.75 1.01145e-40
-9.74 1.22784e-40
-9.73 1.49022e-40
-9.72 1.80832e-40
-9.71 2.19387e-40
-9.7 2.6611e-40
-9.69 3.22717e-40
-9.68 3.91288e-40
-9.67 4.74334e-40
-9.66 5.74888e-40
-9.65 6.9662e-40
-9.64 8.43958e-40
-9.63 1.02225e-39
-9.62 1.23797e-39
-9.61 1.4989e-39
-9.6 1.81446e-39
-9.59 2.19602e-39
-9.58 2.65728e-39
-9.57 3.21478e-39
-9.56 3.88846e-39
-9.55 4.70237e-39
-9.54 5.6855e-39
-9.53 6.87279e-39
-9.52 8.30635e-39
-9.51 1.00369e-38
-9.5 1.21256e-38
-9.49 1.46459e-38
-9.48 1.76866e-38
-9.47 2.13543e-38
-9.46 2.57774e-38
-9.45 3.11103e-38
-9.44 3.7539e-38
-9.43 4.5287e-38
-9.42 5.46232e-38
-9.41 6.58709e-38
-9.4 7.94187e-38
-9.39 9.57336e-38
-9.38 1.15377e-37
-9.37 1.39023e-37
-9.36 1.67481e-37
-9.35 2.01724e-37
-9.34 2.42919e-37
-9.33 2.92469e-37
-9.32 3.52054e-37
-9.31 4.23694e-37
-9.3 5.09809e-37
-9.29 6.13304e-37
-9.28 7.37661e-37
-9.27 8.87054e-37
-9.26 1.06649e-36
-9.25 1.28196e-36
-9.24 1.54066e-36
-9.23 1.85118e-36
-9.22 2.22385e-36
-9.21 2.67101e-36
-9.2 3.20743e-36
-9.19 3.8508e-36
-9.18 4.6223e-36
-9.17 5.54725e-36
-9.16 6.65595e-36
-9.15 7.98464e-36
-9.14 9.57663e-36
-9.13 1.14837e-35
-9.12 1.37678e-35
-9.11 1.65029e-35
-9.1 1.97774e-35
-9.09 2.36968e-35
-9.08 2.83872e-35
-9.07 3.39992e-35
-9.06 4.07124e-35
-9.05 4.87414e-35
-9.04 5.83421e-35
-9.03 6.98197e-35
-9.02 8.35385e-35
-9.01 9.99329e-35
-9 1.19521e-34
-8.99 1.42919e-34
-8.98 1.70863e-34
-8.97 2.0423e-34
-8.96 2.44065e-34
-8.95 2.9161e-34
-8.94 3.48347e-34
-8.93 4.16039e-34
-8.92 4.96786e-34
-8.91 5.93084e-34
-8.9 7.07908e-34
-8.89 8.44791e-34
-8.88 1.00794e-33
-8.87 1.20235e-33
-8.86 1.43398e-33
-8.85 1.70988e-33
-8.84 2.03846e-33
-8.83 2.42968e-33
-8.82 2.89541e-33
-8.81 3.44972e-33
-8.8 4.10932e-33
-8.79 4.89405e-33
-8.78 5.82746e-33
-8.77 6.93751e-33
-8.76 8.25733e-33
-8.75 9.82627e-33
-8.74 1.1691e-32
-8.73 1.39067e-32
-8.72 1.6539e-32
-8.71 1.96657e-32
-8.7 2.33788e-32
-8.69 2.77873e-32
-8.68 3.30204e-32
-8.67 3.92312e-32
-8.66 4.66009e-32
-8.65 5.53437e-32
-8.64 6.57136e-32
-8.63 7.80109e-32
-8.62 9.25907e-32
-8.61 1.09873e-31
-8.6 1.30356e-31
-8.59 1.54625e-31
-8.58 1.83376e-31
-8.57 2.17429e-31
-8.56 2.57753e-31
-8.55 3.05495e-31
-8.54 3.62007e-31
-8.53 4.28886e-31
-8.52 5.08019e-31
-8.51 6.01631e-31
-8.5 7.12349e-31
-8.49 8.43273e-31
-8.48 9.98059e-31
-8.47 1.18102e-30
-8.46 1.39724e-30
-8.45 1.6527e-30
-8.44 1.95449e-30
-8.43 2.31091e-30
-8.42 2.73179e-30
-8.41 3.22866e-30
-8.4 3.81514e-30
-8.39 4.50725e-30
-8.38 5.32383e-30
-8.37 6.2871e-30
-8.36 7.42315e-30
-8.35 8.76273e-30
-8.34 1.0342e-29
-8.33 1.22033e-29
-8.32 1.43968e-29
-8.31 1.69812e-29
-8.3 2.00254e-29
-8.29 2.36106e-29
-8.28 2.7832e-29
-8.27 3.28017e-29
-8.26 3.86509e-29
-8.25 4.55339e-29
-8.24 5.36319e-29
-8.23 6.31574e-29
-8.22 7.43597e-29
-8.21 8.75313e-29
-8.2 1.03015e-28
-8.19 1.21214e-28
-8.18 1.42599e-28
-8.17 1.67723e-28
-8.16 1.97233e-28
-8.15 2.3189e-28
-8.14 2.7258e-28
-8.13 3.20347e-28
-8.12 3.76408e-28
-8.11 4.4219e-28
-8.1 5.19365e-28
-8.09 6.09886e-28
-8.08 7.16039e-28
-8.07 8.40499e-28
-8.06 9.86394e-28
-8.05 1.15738e-27
-8.04 1.35773e-27
-8.03 1.59245e-27
-8.02 1.86736e-27
-8.01 2.18929e-27
-8 2.5662e-27
-7.99 3.0074e-27
-7.98 3.52375e-27
-7.97 4.12791e-27
-7.96 4.83468e-27
-7.95 5.66132e-27
-7.94 6.62797e-27
-7.93 7.75811e-27
-7.92 9.07911e-27
-7.91 1.06229e-26
-7.9 1.24267e-26
-7.89 1.45339e-26
-7.88 1.69949e-26
-7.87 1.98686e-26
-7.86 2.32237e-26
-7.85 2.71397e-26
-7.84 3.17097e-26
-7.83 3.70418e-26
-7.82 4.32618e-26
-7.81 5.0516e-26
-7.8 5.89747e-26
-7.79 6.88359e-26
-7.78 8.03298e-26
-7.77 9.3724e-26
-7.76 1.09329e-25
-7.75 1.27508e-25
-7.74 1.48678e-25
-7.73 1.73329e-25
-7.72 2.02026e-25
-7.71 2.35427e-25
-7.7 2.74295e-25
-7.69 3.19515e-25
-7.68 3.72115e-25
-7.67 4.33287e-25
-7.66 5.04413e-25
-7.65 5.87096e-25
-7.64 6.83195e-25
-7.63 7.94863e-25
-7.62 9.24598e-25
-7.61 1.07529e-24
-7.6 1.25029e-24
-7.59 1.45348e-24
-7.58 1.68934e-24
-7.57 1.96309e-24
-7.56 2.28073e-24
-7.55 2.64924e-24
-7.54 3.07667e-24
-7.53 3.57234e-24
-7.52 4.14703e-24
-7.51 4.8132e-24
-7.5 5.58525e-24
-7.49 6.47983e-24
-7.48 7.51618e-24
-7.47 8.71652e-24
-7.46 1.01065e-23
-7.45 1.17158e-23
-7.44 1.35786e-23
-7.43 1.57344e-23
-7.42 1.82288e-23
-7.41 2.11144e-23
-7.4 2.44518e-23
-7.39 2.83111e-23
-7.38 3.27728e-23
-7.37 3.793e-23
-7.36 4.38899e-23
-7.35 5.0776e-23
-7.34 5.87307e-23
-7.33 6.79179e-23
-7.32 7.85264e-23
-7.31 9.07735e-23
-7.3 1.0491e-22
-7.29 1.21222e-22
-7.28 1.40044e-22
-7.27 1.61755e-22
-7.26 1.86793e-22
-7.25 2.15665e-22
-7.24 2.48948e-22
-7.23 2.8731e-22
-7.22 3.31517e-22
-7.21 3.82448e-22
-7.2 4.41114e-22
-7.19 5.08677e-22
-7.18 5.8647e-22
-7.17 6.76024e-22
-7.16 7.79095e-22
-7.15 8.97699e-22
-7.14 1.03415e-21
-7.13 1.1911e-21
-7.12 1.3716e-21
-7.11 1.57912e-21
-7.1 1.81768e-21
-7.09 2.09186e-21
-7.08 2.4069e-21
-7.07 2.76884e-21
-7.06 3.18455e-21
-7.05 3.66194e-21
-7.04 4.21005e-21
-7.03 4.83922e-21
-7.02 5.56129e-21
-7.01 6.3898e-21
-7 7.34027e-21
-6.99 8.43042e-21
-6.98 9.68051e-21
-6.97 1.11137e-20
-6.96 1.27566e-20
-6.95 1.46393e-20
-6.94 1.67964e-20
-6.93 1.92676e-20
-6.92 2.20979e-20
-6.91 2.53387e-20
-6.9 2.90491e-20
-6.89 3.3296e-20
-6.88 3.8156e-20
-6.87 4.37166e-20
-6.86 5.00775e-20
-6.85 5.73523e-20
-6.84 6.56706e-20
-6.83 7.51803e-20
-6.82 8.60496e-20
-6.81 9.84704e-20
-6.8 1.12661e-19
-6.79 1.28871e-19
-6.78 1.47384e-19
-6.77 1.68522e-19
-6.76 1.92652e-19
-6.75 2.20193e-19
-6.74 2.51621e-19
-6.73 2.87476e-19
-6.72 3.28373e-19
-6.71 3.75014e-19
-6.7 4.28192e-19
-6.69 4.88811e-19
-6.68 5.57901e-19
-6.67 6.36626e-19
-6.66 7.26314e-19
-6.65 8.28469e-19
-6.64 9.44801e-19
-6.63 1.07725e-18
-6.62 1.22802e-18
-6.61 1.39961e-18
-6.6 1.59484e-18
-6.59 1.81695e-18
-6.58 2.06957e-18
-6.57 2.35684e-18
-6.56 2.68343e-18
-6.55 3.05467e-18
-6.54 3.47656e-18
-6.53 3.95592e-18
-6.52 4.50046e-18
-6.51 5.11893e-18
-6.5 5.82121e-18
-6.49 6.6185e-18
-6.48 7.52346e-18
-6.47 8.55043e-18
-6.46 9.71562e-18
-6.45 1.10374e-17
-6.44 1.25364e-17
-6.43 1.42361e-17
-6.42 1.6163e-17
-6.41 1.8347e-17
-6.4 2.08219e-17
-6.39 2.36258e-17
-6.38 2.68019e-17
-6.37 3.03988e-17
-6.36 3.44715e-17
-6.35 3.90819e-17
-6.34 4.42999e-17
-6.33 5.02045e-17
-6.32 5.68845e-17
-6.31 6.44404e-17
-6.3 7.2985e-17
-6.29 8.26459e-17
-6.28 9.35667e-17
-6.27 1.05909e-16
-6.26 1.19855e-16
-6.25 1.3561e-16
-6.24 1.53405e-16
-6.23 1.735e-16
-6.22 1.96188e-16
-6.21 2.21797e-16
-6.2 2.50699e-16
-6.19 2.83309e-16
-6.18 3.20096e-16
-6.17 3.61587e-16
-6.16 4.08373e-16
-6.15 4.61119e-16
-6.14 5.20572e-16
-6.13 5.87571e-16
-6.12 6.6306e-16
-6.11 7.48095e-16
-6.1 8.43864e-16
-6.09 9.51701e-16
-6.08 1.0731e-15
-6.07 1.20974e-15
-6.06 1.3635e-15
-6.05 1.5365e-15
-6.04 1.73109e-15
-6.03 1.94993e-15
-6.02 2.19599e-15
-6.01 2.4726e-15
-6 2.78349e-15
-5.99 3.13283e-15
-5.98 3.52531e-15
-5.97 3.96614e-15
-5.96 4.4612e-15
-5.95 5.01703e-15
-5.94 5.64097e-15
-5.93 6.34121e-15
-5.92 7.12694e-15
-5.91 8.00841e-15
-5.9 8.99706e-15
-5.89 1.01057e-14
-5.88 1.13487e-14
-5.87 1.2742e-14
-5.86 1.43034e-14
-5.85 1.60529e-14
-5.84 1.80127e-14
-5.83 2.02077e-14
-5.82 2.26655e-14
-5.81 2.54172e-14
-5.8 2.84971e-14
-5.79 3.19438e-14
-5.78 3.58e-14
-5.77 4.01137e-14
-5.76 4.49379e-14
-5.75 5.03322e-14
-5.74 5.63625e-14
-5.73 6.31025e-14
-5.72 7.06341e-14
-5.71 7.90486e-14
-5.7 8.84476e-14
-5.69 9.8944e-14
-5.68 1.10664e-13
-5.67 1.23746e-13
-5.66 1.38347e-13
-5.65 1.5464e-13
-5.64 1.72816e-13
-5.63 1.93089e-13
-5.62 2.15697e-13
-5.61 2.40903e-13
-5.6 2.69e-13
-5.59 3.00312e-13
-5.58 3.35202e-13
-5.57 3.74068e-13
-5.56 4.17357e-13
-5.55 4.6556e-13
-5.54 5.19225e-13
-5.53 5.78958e-13
-5.52 6.45433e-13
-5.51 7.19393e-13
-5.5 8.01665e-13
-5.49 8.93165e-13
-5.48 9.94905e-13
-5.47 1.10801e-12
-5.46 1.23372e-12
-5.45 1.37342e-12
-5.44 1.52862e-12
-5.43 1.70102e-12
-5.42 1.89247e-12
-5.41 2.10504e-12
-5.4 2.34102e-12
-5.39 2.60292e-12
-5.38 2.89352e-12
-5.37 3.21592e-12
-5.36 3.57352e-12
-5.35 3.97007e-12
-5.34 4.40972e-12
-5.33 4.89707e-12
-5.32 5.43717e-12
-5.31 6.03562e-12
-5.3 6.69856e-12
-5.29 7.43281e-12
-5.28 8.24587e-12
-5.27 9.146e-12
-5.26 1.01423e-11
-5.25 1.12449e-11
-5.24 1.24648e-11
-5.23 1.38142e-11
-5.22 1.53066e-11
-5.21 1.69567e-11
-5.2 1.8781e-11
-5.19 2.07972e-11
-5.18 2.30252e-11
-5.17 2.54867e-11
-5.16 2.82056e-11
-5.15 3.12082e-11
-5.14 3.45234e-11
-5.13 3.8183e-11
-5.12 4.22219e-11
-5.11 4.66785e-11
-5.1 5.1595e-11
-5.09 5.70177e-11
-5.08 6.29975e-11
-5.07 6.95903e-11
-5.06 7.68573e-11
-5.05 8.48659e-11
-5.04 9.36899e-11
-5.03 1.0341e-10
-5.02 1.14116e-10
-5.01 1.25904e-10
-5 1.38882e-10
-4.99 1.53166e-10
-4.98 1.68884e-10
-4.97 1.86178e-10
-4.96 2.05201e-10
-4.95 2.26121e-10
-4.94 2.49124e-10
-4.93 2.7441e-10
-4.92 3.02201e-10
-4.91 3.32739e-10
-4.9 3.66287e-10
-4.89 4.03137e-10
-4.88 4.43602e-10
-4.87 4.8803e-10
-4.86 5.36798e-10
-4.85 5.90318e-10
-4.84 6.49042e-10
-4.83 7.13462e-10
-4.82 7.84116e-10
-4.81 8.6159e-10
-4.8 9.46526e-10
-4.79 1.03962e-09
-4.78 1.14164e-09
-4.77 1.25342e-09
-4.76 1.37585e-09
-4.75 1.50994e-09
-4.74 1.65676e-09
-4.73 1.81748e-09
-4.72 1.99339e-09
-4.71 2.18587e-09
-4.7 2.39645e-09
-4.69 2.62678e-09
-4.68 2.87866e-09
-4.67 3.15404e-09
-4.66 3.45507e-09
-4.65 3.78405e-09
-4.64 4.1435e-09
-4.63 4.53617e-09
-4.62 4.96504e-09
-4.61 5.43334e-09
-4.6 5.9446e-09
-4.59 6.50263e-09
-4.58 7.11158e-09
-4.57 7.77598e-09
-4.56 8.5007e-09
-4.55 9.29106e-09
-4.54 1.01528e-08
-4.53 1.10923e-08
-4.52 1.21161e-08
-4.51 1.32318e-08
-4.5 1.44472e-08
-4.49 1.57711e-08
-4.48 1.72127e-08
-4.47 1.87823e-08
-4.46 2.04908e-08
-4.45 2.23501e-08
-4.44 2.43731e-08
-4.43 2.65738e-08
-4.42 2.89672e-08
-4.41 3.15698e-08
-4.4 3.43991e-08
-4.39 3.74743e-08
-4.38 4.0816e-08
-4.37 4.44466e-08
-4.36 4.83902e-08
-4.35 5.26729e-08
-4.34 5.73228e-08
-4.33 6.23705e-08
-4.32 6.78487e-08
-4.31 7.37929e-08
-4.3 8.02414e-08
-4.29 8.72355e-08
-4.28 9.48197e-08
-4.27 1.03042e-07
-4.26 1.11955e-07
-4.25 1.21613e-07
-4.24 1.32077e-07
-4.23 1.43413e-07
-4.22 1.55689e-07
-4.21 1.68981e-07
-4.2 1.8337e-07
-4.19 1.98944e-07
-4.18 2.15796e-07
-4.17 2.34028e-07
-4.16 2.53747e-07
-4.15 2.75072e-07
-4.14 2.98127e-07
-4.13 3.23048e-07
-4.12 3.4998e-07
-4.11 3.7908e-07
-4.1 4.10514e-07
-4.09 4.44464e-07
-4.08 4.81122e-07
-4.07 5.20696e-07
-4.06 5.63409e-07
-4.05 6.09501e-07
-4.04 6.59227e-07
-4.03 7.12863e-07
-4.02 7.70704e-07
-4.01 8.33067e-07
-4 9.0029e-07
-3.99 9.72737e-07
-3.98 1.0508e-06
-3.97 1.13489e-06
-3.96 1.22545e-06
-3.95 1.32297e-06
-3.94 1.42796e-06
-3.93 1.54096e-06
-3.92 1.66256e-06
-3.91 1.79338e-06
-3.9 1.9341e-06
-3.89 2.08543e-06
-3.88 2.24814e-06
-3.87 2.42304e-06
-3.86 2.611e-06
-3.85 2.81297e-06
-3.84 3.02993e-06
-3.83 3.26295e-06
-3.82 3.51316e-06
-3.81 3.78178e-06
-3.8 4.0701e-06
-3.79 4.37949e-06
-3.78 4.71142e-06
-3.77 5.06747e-06
-3.76 5.44929e-06
-3.75 5.85867e-06
-3.74 6.29749e-06
-3.73 6.76779e-06
-3.72 7.2717e-06
-3.71 7.81151e-06
-3.7 8.38965e-06
-3.69 9.00871e-06
-3.68 9.67145e-06
-3.67 1.03808e-05
-3.66 1.11399e-05
-3.65 1.19519e-05
-3.64 1.28205e-05
-3.63 1.37494e-05
-3.62 1.47426e-05
-3.61 1.58042e-05
-3.6 1.69387e-05
-3.59 1.81509e-05
-3.58 1.94457e-05
-3.57 2.08287e-05
-3.56 2.23053e-05
-3.55 2.38817e-05
-3.54 2.55642e-05
-3.53 2.73595e-05
-3.52 2.92748e-05
-3.51 3.13176e-05
-3.5 3.34961e-05
-3.49 3.58186e-05
-3.48 3.82941e-05
-3.47 4.09323e-05
-3.46 4.37431e-05
-3.45 4.67371e-05
-3.44 4.99257e-05
-3.43 5.33207e-05
-3.42 5.69347e-05
-3.41 6.0781e-05
-3.4 6.48735e-05
-3.39 6.92272e-05
-3.38 7.38577e-05
-3.37 7.87814e-05
-3.36 8.40158e-05
-3.35 8.95793e-05
-3.34 9.54913e-05
-3.33 0.000101772
-3.32 0.000108443
-3.31 0.000115528
-3.3 0.000123049
-3.29 0.000131033
-3.28 0.000139506
-3.27 0.000148495
-3.26 0.000158031
-3.25 0.000168144
-3.24 0.000178866
-3.23 0.000190232
-3.22 0.000202278
-3.21 0.000215042
-3.2 0.000228564
-3.19 0.000242884
-3.18 0.000258048
-3.17 0.000274101
-3.16 0.000291091
-3.15 0.000309069
-3.14 0.000328089
-3.13 0.000348207
-3.12 0.00036948
-3.11 0.00039197
-3.1 0.000415742
-3.09 0.000440863
-3.08 0.000467403
-3.07 0.000495437
-3.06 0.000525042
-3.05 0.000556298
-3.04 0.000589291
-3.03 0.000624109
-3.02 0.000660845
-3.01 0.000699596
-3 0.000740463
-2.99 0.000783551
-2.98 0.000828972
-2.97 0.00087684
-2.96 0.000927277
-2.95 0.000980407
-2.94 0.00103636
-2.93 0.00109528
-2.92 0.0011573
-2.91 0.00122258
-2.9 0.00129126
-2.89 0.00136351
-2.88 0.0014395
-2.87 0.00151941
-2.86 0.0016034
-2.85 0.00169169
-2.84 0.00178445
-2.83 0.0018819
-2.82 0.00198426
-2.81 0.00209173
-2.8 0.00220456
-2.79 0.00232297
-2.78 0.00244723
-2.77 0.00257759
-2.76 0.00271431
-2.75 0.00285767
-2.74 0.00300797
-2.73 0.00316549
-2.72 0.00333055
-2.71 0.00350347
-2.7 0.00368459
-2.69 0.00387423
-2.68 0.00407277
-2.67 0.00428056
-2.66 0.004498
-2.65 0.00472546
-2.64 0.00496337
-2.63 0.00521214
-2.62 0.0054722
-2.61 0.005744
-2.6 0.00602801
-2.59 0.00632471
-2.58 0.00663458
-2.57 0.00695814
-2.56 0.0072959
-2.55 0.00764842
-2.54 0.00801624
-2.53 0.00839994
-2.52 0.00880011
-2.51 0.00921736
-2.5 0.0096523
-2.49 0.0101056
-2.48 0.0105779
-2.47 0.0110698
-2.46 0.0115822
-2.45 0.0121156
-2.44 0.0126708
-2.43 0.0132487
-2.42 0.0138498
-2.41 0.0144751
-2.4 0.0151254
-2.39 0.0158014
-2.38 0.016504
-2.37 0.0172342
-2.36 0.0179927
-2.35 0.0187805
-2.34 0.0195986
-2.33 0.0204478
-2.32 0.0213291
-2.31 0.0222436
-2.3 0.0231922
-2.29 0.0241759
-2.28 0.0251959
-2.27 0.0262531
-2.26 0.0273487
-2.25 0.0284838
-2.24 0.0296594
-2.23 0.0308768
-2.22 0.0321371
-2.21 0.0334415
-2.2 0.0347911
-2.19 0.0361872
-2.18 0.037631
-2.17 0.0391238
-2.16 0.0406668
-2.15 0.0422613
-2.14 0.0439086
-2.13 0.04561
-2.12 0.0473668
-2.11 0.0491803
-2.1 0.0510518
-2.09 0.0529829
-2.08 0.0549747
-2.07 0.0570286
-2.06 0.0591461
-2.05 0.0613285
-2.04 0.0635771
-2.03 0.0658935
-2.02 0.068279
-2.01 0.0707349
-2 0.0732627
-1.99 0.0758637
-1.98 0.0785394
-1.97 0.0812912
-1.96 0.0841203
-1.95 0.0870283
-1.94 0.0900164
-1.93 0.093086
-1.92 0.0962385
-1.91 0.0994751
-1.9 0.102797
-1.89 0.106206
-1.88 0.109703
-1.87 0.113289
-1.86 0.116966
-1.85 0.120734
-1.84 0.124595
-1.83 0.12855
-1.82 0.1326
-1.81 0.136747
-1.8 0.14099
-1.79 0.145332
-1.78 0.149772
-1.77 0.154313
-1.76 0.158954
-1.75 0.163697
-1.74 0.168543
-1.73 0.173491
-1.72 0.178543
-1.71 0.183699
-1.7 0.188959
-1.69 0.194325
-1.68 0.199796
-1.67 0.205373
-1.66 0.211055
-1.65 0.216844
-1.64 0.222739
-1.63 0.228739
-1.62 0.234846
-1.61 0.241058
-1.6 0.247375
-1.59 0.253798
-1.58 0.260324
-1.57 0.266955
-1.56 0.273688
-1.55 0.280524
-1.54 0.28746
-1.53 0.294498
-1.52 0.301634
-1.51 0.308868
-1.5 0.316198
-1.49 0.323623
-1.48 0.331141
-1.47 0.338751
-1.46 0.34645
-1.45 0.354237
-1.44 0.362109
-1.43 0.370064
-1.42 0.3781
-1.41 0.386214
-1.4 0.394404
-1.39 0.402666
-1.38 0.410997
-1.37 0.419395
-1.36 0.427856
-1.35 0.436377
-1.34 0.444955
-1.33 0.453585
-1.32 0.462263
-1.31 0.470987
-1.3 0.479751
-1.29 0.488551
-1.28 0.497384
-1.27 0.506244
-1.26 0.515127
-1.25 0.524028
-1.24 0.532943
-1.23 0.541865
-1.22 0.55079
-1.21 0.559712
-1.2 0.568627
-1.19 0.577527
-1.18 0.586409
-1.17 0.595265
-1.16 0.604089
-1.15 0.612877
-1.14 0.621621
-1.13 0.630315
-1.12 0.638953
-1.11 0.647528
-1.1 0.656034
-1.09 0.664463
-1.08 0.67281
-1.07 0.681067
-1.06 0.689227
-1.05 0.697284
-1.04 0.705229
-1.03 0.713057
-1.02 0.720759
-1.01 0.728329
-1 0.735759
-0.99 0.743041
-0.98 0.75017
-0.97 0.757136
-0.96 0.763933
-0.95 0.770553
-0.94 0.776989
-0.93 0.783234
-0.92 0.789279
-0.91 0.795119
-0.9 0.800744
-0.89 0.806149
-0.88 0.811325
-0.87 0.816266
-0.86 0.820964
-0.85 0.825412
-0.84 0.829604
-0.83 0.833532
-0.82 0.83719
-0.81 0.840571
-0.8 0.843667
-0.79 0.846474
-0.78 0.848984
-0.77 0.851191
-0.76 0.85309
-0.75 0.854674
-0.74 0.855937
-0.73 0.856874
-0.72 0.85748
-0.71 0.857749
-0.7 0.857676
-0.69 0.857257
-0.68 0.856487
-0.67 0.855362
-0.66 0.853876
-0.65 0.852028
-0.64 0.849812
-0.63 0.847225
-0.62 0.844265
-0.61 0.840927
-0.6 0.837211
-0.59 0.833113
-0.58 0.828631
-0.57 0.823763
-0.56 0.818508
-0.55 0.812865
-0.54 0.806832
-0.53 0.800409
-0.52 0.793597
-0.51 0.786393
-0.5 0.7788
-0.49 0.770818
-0.48 0.762447
-0.47 0.753688
-0.46 0.744545
-0.45 0.735017
-0.44 0.725108
-0.43 0.714821
-0.42 0.704157
-0.41 0.69312
-0.4 0.681714
-0.39 0.669943
-0.38 0.657811
-0.37 0.645322
-0.36 0.632481
-0.35 0.619294
-0.34 0.605765
-0.33 0.591901
-0.32 0.577707
-0.31 0.563191
-0.3 0.548358
-0.29 0.533216
-0.28 0.517772
-0.27 0.502034
-0.26 0.486009
-0.25 0.469706
-0.24 0.453133
-0.23 0.436298
-0.22 0.419211
-0.21 0.40188
-0.2 0.384315
-0.19 0.366526
-0.18 0.348523
-0.17 0.330314
-0.16 0.311912
-0.15 0.293325
-0.14 0.274565
-0.13 0.255643
-0.12 0.236569
-0.11 0.217354
-0.1 0.19801
-0.09 0.178548
-0.08 0.158979
-0.07 0.139316
-0.06 0.119569
-0.05 0.0997502
-0.04 0.079872
-0.03 0.059946
-0.02 0.039984
-0.01 0.019998
3.26936e-13 -6.66134e-13
0.01 -0.019998
0.02 -0.039984
0.03 -0.059946
0.04 -0.079872
0.05 -0.0997502
0.06 -0.119569
0.07 -0.139316
0.08 -0.158979
0.09 -0.178548
0.1 -0.19801
0.11 -0.217354
0.12 -0.236569
0.13 -0.255643
0.14 -0.274565
0.15 -0.293325
0.16 -0.311912
0.17 -0.330314
0.18 -0.348523
0.19 -0.366526
0.2 -0.384315
0.21 -0.40188
0.22 -0.419211
0.23 -0.436298
0.24 -0.453133
0.25 -0.469706
0.26 -0.486009
0.27 -0.502034
0.28 -0.517772
0.29 -0.533216
0.3 -0.548358
0.31 -0.563191
0.32 -0.577707
0.33 -0.591901
0.34 -0.605765
0.35 -0.619294
0.36 -0.632481
0.37 -0.645322
0.38 -0.657811
0.39 -0.669943
0.4 -0.681714
0.41 -0.69312
0.42 -0.704157
0.43 -0.714821
0.44 -0.725108
0.45 -0.735017
0.46 -0.744545
0.47 -0.753688
0.48 -0.762447
0.49 -0.770818
0.5 -0.7788
0.51 -0.786393
0.52 -0.793597
0.53 -0.800409
0.54 -0.806832
0.55 -0.812865
0.56 -0.818508
0.57 -0.823763
0.58 -0.828631
0.59 -0.833113
0.6 -0.837211
0.61 -0.840927
0.62 -0.844265
0.63 -0.847225
0.64 -0.849812
0.65 -0.852028
0.66 -0.853876
0.67 -0.855362
0.68 -0.856487
0.69 -0.857257
0.7 -0.857676
0.71 -0.857749
0.72 -0.85748
0.73 -0.856874
0.74 -0.855937
0.75 -0.854674
0.76 -0.85309
0.77 -0.851191
0.78 -0.848984
0.79 -0.846474
0.8 -0.843667
0.81 -0.840571
0.82 -0.83719
0.83 -0.833532
0.84 -0.829604
0.85 -0.825412
0.86 -0.820964
0.87 -0.816266
0.88 -0.811325
0.89 -0.806149
0.9 -0.800744
0.91 -0.795119
0.92 -0.789279
0.93 -0.783234
0.94 -0.776989
0.95 -0.770553
0.96 -0.763933
0.97 -0.757136
0.98 -0.75017
0.99 -0.743041
1 -0.735759
1.01 -0.728329
1.02 -0.720759
1.03 -0.713057
1.04 -0.705229
1.05 -0.697284
1.06 -0.689227
1.07 -0.681067
1.08 -0.67281
1.09 -0.664463
1.1 -0.656034
1.11 -0.647528
1.12 -0.638953
1.13 -0.630315
1.14 -0.621621
1.15 -0.612877
1.16 -0.604089
1.17 -0.595265
1.18 -0.586409
1.19 -0.577527
1.2 -0.568627
1.21 -0.559712
1.22 -0.55079
1.23 -0.541865
1.24 -0.532943
1.25 -0.524028
1.26 -0.515127
1.27 -0.506244
1.28 -0.497384
1.29 -0.488551
1.3 -0.479751
1.31 -0.470987
1.32 -0.462263
1.33 -0.453585
1.34 -0.444955
1.35 -0.436377
1.36 -0.427856
1.37 -0.419395
1.38 -0.410997
1.39 -0.402666
1.4 -0.394404
1.41 -0.386214
1.42 -0.3781
1.43 -0.370064
1.44 -0.362109
1.45 -0.354237
1.46 -0.34645
1.47 -0.338751
1.48 -0.331141
1.49 -0.323623
1.5 -0.316198
1.51 -0.308868
1.52 -0.301634
1.53 -0.294498
1.54 -0.28746
1.55 -0.280524
1.56 -0.273688
1.57 -0.266955
1.58 -0.260324
1.59 -0.253798
1.6 -0.247375
1.61 -0.241058
1.62 -0.234846
1.63 -0.228739
1.64 -0.222739
1.65 -0.216844
1.66 -0.211055
1.67 -0.205373
1.68 -0.199796
1.69 -0.194325
1.7 -0.188959
1.71 -0.183699
1.72 -0.178543
1.73 -0.173491
1.74 -0.168543
1.75 -0.163697
1.76 -0.158954
1.77 -0.154313
1.78 -0.149772
1.79 -0.145332
1.8 -0.14099
1.81 -0.136747
1.82 -0.1326
1.83 -0.12855
1.84 -0.124595
1.85 -0.120734
1.86 -0.116966
1.87 -0.113289
1.88 -0.109703
1.89 -0.106206
1.9 -0.102797
1.91 -0.0994751
1.92 -0.0962385
1.93 -0.093086
1.94 -0.0900164
1.95 -0.0870283
1.96 -0.0841203
1.97 -0.0812912
1.98 -0.0785394
1.99 -0.0758637
2 -0.0732627
2.01 -0.0707349
2.02 -0.068279
2.03 -0.0658935
2.04 -0.0635771
2.05 -0.0613285
2.06 -0.0591461
2.07 -0.0570286
2.08 -0.0549747
2.09 -0.0529829
2.1 -0.0510518
2.11 -0.0491803
2.12 -0.0473668
2.13 -0.04561
2.14 -0.0439086
2.15 -0.0422613
2.16 -0.0406668
2.17 -0.0391238
2.18 -0.037631
2.19 -0.0361872
2.2 -0.0347911
2.21 -0.0334415
2.22 -0.0321371
2.23 -0.0308768
2.24 -0.0296594
2.25 -0.0284838
2.26 -0.0273487
2.27 -0.0262531
2.28 -0.0251959
2.29 -0.0241759
2.3 -0.0231922
2.31 -0.0222436
2.32 -0.0213291
2.33 -0.0204478
2.34 -0.0195986
2.35 -0.0187805
2.36 -0.0179927
2.37 -0.0172342
2.38 -0.016504
2.39 -0.0158014
2.4 -0.0151254
2.41 -0.0144751
2.42 -0.0138498
2.43 -0.0132487
2.44 -0.0126708
2.45 -0.0121156
2.46 -0.0115822
2.47 -0.0110698
2.48 -0.0105779
2.49 -0.0101056
2.5 -0.0096523
2.51 -0.00921736
2.52 -0.00880011
2.53 -0.00839994
2.54 -0.00801624
2.55 -0.00764842
2.56 -0.0072959
2.57 -0.00695814
2.58 -0.00663458
2.59 -0.00632471
2.6 -0.00602801
2.61 -0.005744
2.62 -0.0054722
2.63 -0.00521214
2.64 -0.00496337
2.65 -0.00472546
2.66 -0.004498
2.67 -0.00428056
2.68 -0.00407277
2.69 -0.00387423
2.7 -0.00368459
2.71 -0.00350347
2.72 -0.00333055
2.73 -0.00316549
2.74 -0.00300797
2.75 -0.00285767
2.76 -0.00271431
2.77 -0.00257759
2.78 -0.00244723
2.79 -0.00232297
2.8 -0.00220456
2.81 -0.00209173
2.82 -0.00198426
2.83 -0.0018819
2.84 -0.00178445
2.85 -0.00169169
2.86 -0.0016034
2.87 -0.00151941
2.88 -0.0014395
2.89 -0.00136351
2.9 -0.00129126
2.91 -0.00122258
2.92 -0.0011573
2.93 -0.00109528
2.94 -0.00103636
2.95 -0.000980407
2.96 -0.000927277
2.97 -0.00087684
2.98 -0.000828972
2.99 -0.000783551
3 -0.000740463
3.01 -0.000699596
3.02 -0.000660845
3.03 -0.000624109
3.04 -0.000589291
3.05 -0.000556298
3.06 -0.000525042
3.07 -0.000495437
3.08 -0.000467403
3.09 -0.000440863
3.1 -0.000415742
3.11 -0.00039197
3.12 -0.00036948
3.13 -0.000348207
3.14 -0.000328089
3.15 -0.000309069
3.16 -0.000291091
3.17 -0.000274101
3.18 -0.000258048
3.19 -0.000242884
3.2 -0.000228564
3.21 -0.000215042
3.22 -0.000202278
3.23 -0.000190232
3.24 -0.000178866
3.25 -0.000168144
3.26 -0.000158031
3.27 -0.000148495
3.28 -0.000139506
3.29 -0.000131033
3.3 -0.000123049
3.31 -0.000115528
3.32 -0.000108443
3.33 -0.000101772
3.34 -9.54913e-05
3.35 -8.95793e-05
3.36 -8.40158e-05
3.37 -7.87814e-05
3.38 -7.38577e-05
3.39 -6.92272e-05
3.4 -6.48735e-05
3.41 -6.0781e-05
3.42 -5.69347e-05
3.43 -5.33207e-05
3.44 -4.99257e-05
3.45 -4.67371e-05
3.46 -4.37431e-05
3.47 -4.09323e-05
3.48 -3.82941e-05
3.49 -3.58186e-05
3.5 -3.34961e-05
3.51 -3.13176e-05
3.52 -2.92748e-05
3.53 -2.73595e-05
3.54 -2.55642e-05
3.55 -2.38817e-05
3.56 -2.23053e-05
3.57 -2.08287e-05
3.58 -1.94457e-05
3.59 -1.81509e-05
3.6 -1.69387e-05
3.61 -1.58042e-05
3.62 -1.47426e-05
3.63 -1.37494e-05
3.64 -1.28205e-05
3.65 -1.19519e-05
3.66 -1.11399e-05
3.67 -1.03808e-05
3.68 -9.67145e-06
3.69 -9.00871e-06
3.7 -8.38965e-06
3.71 -7.81151e-06
3.72 -7.2717e-06
3.73 -6.76779e-06
3.74 -6.29749e-06
3.75 -5.85867e-06
3.76 -5.44929e-06
3.77 -5.06747e-06
3.78 -4.71142e-06
3.79 -4.37949e-06
3.8 -4.0701e-06
3.81 -3.78178e-06
3.82 -3.51316e-06
3.83 -3.26295e-06
3.84 -3.02993e-06
3.85 -2.81297e-06
3.86 -2.611e-06
3.87 -2.42304e-06
3.88 -2.24814e-06
3.89 -2.08543e-06
3.9 -1.9341e-06
3.91 -1.79338e-06
3.92 -1.66256e-06
3.93 -1.54096e-06
3.94 -1.42796e-06
3.95 -1.32297e-06
3.96 -1.22545e-06
3.97 -1.13489e-06
3.98 -1.0508e-06
3.99 -9.72737e-07
4 -9.0029e-07
4.01 -8.33067e-07
4.02 -7.70704e-07
4.03 -7.12863e-07
4.04 -6.59227e-07
4.05 -6.09501e-07
4.06 -5.63409e-07
4.07 -5.20696e-07
4.08 -4.81122e-07
4.09 -4.44464e-07
4.1 -4.10514e-07
4.11 -3.7908e-07
4.12 -3.4998e-07
4.13 -3.23048e-07
4.14 -2.98127e-07
4.15 -2.75072e-07
4.16 -2.53747e-07
4.17 -2.34028e-07
4.18 -2.15796e-07
4.19 -1.98944e-07
4.2 -1.8337e-07
4.21 -1.68981e-07
4.22 -1.55689e-07
4.23 -1.43413e-07
4.24 -1.32077e-07
4.25 -1.21613e-07
4.26 -1.11955e-07
4.27 -1.03042e-07
4.28 -9.48197e-08
4.29 -8.72355e-08
4.3 -8.02414e-08
4.31 -7.37929e-08
4.32 -6.78487e-08
4.33 -6.23705e-08
4.34 -5.73228e-08
4.35 -5.26729e-08
4.36 -4.83902e-08
4.37 -4.44466e-08
4.38 -4.0816e-08
4.39 -3.74743e-08
4.4 -3.43991e-08
4.41 -3.15698e-08
4.42 -2.89672e-08
4.43 -2.65738e-08
4.44 -2.43731e-08
4.45 -2.23501e-08
4.46 -2.04908e-08
4.47 -1.87823e-08
4.48 -1.72127e-08
4.49 -1.57711e-08
4.5 -1.44472e-08
4.51 -1.32318e-08
4.52 -1.21161e-08
4.53 -1.10923e-08
4.54 -1.01528e-08
4.55 -9.29106e-09
4.56 -8.5007e-09
4.57 -7.77598e-09
4.58 -7.11158e-09
4.59 -6.50263e-09
4.6 -5.9446e-09
4.61 -5.43334e-09
4.62 -4.96504e-09
4.63 -4.53617e-09
4.64 -4.1435e-09
4.65 -3.78405e-09
4.66 -3.45507e-09
4.67 -3.15404e-09
4.68 -2.87866e-09
4.69 -2.62678e-09
4.7 -2.39645e-09
4.71 -2.18587e-09
4.72 -1.99339e-09
4.73 -1.81748e-09
4.74 -1.65676e-09
4.75 -1.50994e-09
4.76 -1.37585e-09
4.77 -1.25342e-09
4.78 -1.14164e-09
4.79 -1.03962e-09
4.8 -9.46526e-10
4.81 -8.6159e-10
4.82 -7.84116e-10
4.83 -7.13462e-10
4.84 -6.49042e-10
4.85 -5.90318e-10
4.86 -5.36798e-10
4.87 -4.8803e-10
4.88 -4.43602e-10
4.89 -4.03137e-10
4.9 -3.66287e-10
4.91 -3.32739e-10
4.92 -3.02201e-10
4.93 -2.7441e-10
4.94 -2.49124e-10
4.95 -2.26121e-10
4.96 -2.05201e-10
4.97 -1.86178e-10
4.98 -1.68884e-10
4.99 -1.53166e-10
5 -1.38882e-10
5.01 -1.25904e-10
5.02 -1.14116e-10
5.03 -1.0341e-10
5.04 -9.36899e-11
5.05 -8.48659e-11
5.06 -7.68573e-11
5.07 -6.95903e-11
5.08 -6.29975e-11
5.09 -5.70177e-11
5.1 -5.1595e-11
5.11 -4.66785e-11
5.12 -4.22219e-11
5.13 -3.8183e-11
5.14 -3.45234e-11
5.15 -3.12082e-11
5.16 -2.82056e-11
5.17 -2.54867e-11
5.18 -2.30252e-11
5.19 -2.07972e-11
5.2 -1.8781e-11
5.21 -1.69567e-11
5.22 -1.53066e-11
5.23 -1.38142e-11
5.24 -1.24648e-11
5.25 -1.12449e-11
5.26 -1.01423e-11
5.27 -9.146e-12
5.28 -8.24587e-12
5.29 -7.43281e-12
5.3 -6.69856e-12
5.31 -6.03562e-12
5.32 -5.43717e-12
5.33 -4.89707e-12
5.34 -4.40972e-12
5.35 -3.97007e-12
5.36 -3.57352e-12
5.37 -3.21592e-12
5.38 -2.89352e-12
5.39 -2.60292e-12
5.4 -2.34102e-12
5.41 -2.10504e-12
5.42 -1.89247e-12
5.43 -1.70102e-12
5.44 -1.52862e-12
5.45 -1.37342e-12
5.46 -1.23372e-12
5.47 -1.10801e-12
5.48 -9.94905e-13
5.49 -8.93165e-13
5.5 -8.01665e-13
5.51 -7.19393e-13
5.52 -6.45433e-13
5.53 -5.78958e-13
5.54 -5.19225e-13
5.55 -4.6556e-13
5.56 -4.17357e-13
5.57 -3.74068e-13
5.58 -3.35202e-13
5.59 -3.00312e-13
5.6 -2.69e-13
5.61 -2.40903e-13
5.62 -2.15697e-13
5.63 -1.93089e-13
5.64 -1.72816e-13
5.65 -1.5464e-13
5.66 -1.38347e-13
5.67 -1.23746e-13
5.68 -1.10664e-13
5.69 -9.8944e-14
5.7 -8.84476e-14
5.71 -7.90486e-14
5.72 -7.06341e-14
5.73 -6.31025e-14
5.74 -5.63625e-14
5.75 -5.03322e-14
5.76 -4.49379e-14
5.77 -4.01137e-14
5.78 -3.58e-14
5.79 -3.19438e-14
5.8 -2.84971e-14
5.81 -2.54172e-14
5.82 -2.26655e-14
5.83 -2.02077e-14
5.84 -1.80127e-14
5.85 -1.60529e-14
5.86 -1.43034e-14
5.87 -1.2742e-14
5.88 -1.13487e-14
5.89 -1.01057e-14
5.9 -8.99706e-15
5.91 -8.00841e-15
5.92 -7.12694e-15
5.93 -6.34121e-15
5.94 -5.64097e-15
5.95 -5.01703e-15
5.96 -4.4612e-15
5.97 -3.96614e-15
5.98 -3.52531e-15
5.99 -3.13283e-15
6 -2.78349e-15
6.01 -2.4726e-15
6.02 -2.19599e-15
6.03 -1.94993e-15
6.04 -1.73109e-15
6.05 -1.5365e-15
6.06 -1.3635e-15
6.07 -1.20974e-15
6.08 -1.0731e-15
6.09 -9.51701e-16
6.1 -8.43864e-16
6.11 -7.48095e-16
6.12 -6.6306e-16
6.13 -5.87571e-16
6.14 -5.20572e-16
6.15 -4.61119e-16
6.16 -4.08373e-16
6.17 -3.61587e-16
6.18 -3.20096e-16
6.19 -2.83309e-16
6.2 -2.50699e-16
6.21 -2.21797e-16
6.22 -1.96188e-16
6.23 -1.735e-16
6.24 -1.53405e-16
6.25 -1.3561e-16
6.26 -1.19855e-16
6.27 -1.05909e-16
6.28 -9.35667e-17
6.29 -8.26459e-17
6.3 -7.2985e-17
6.31 -6.44404e-17
6.32 -5.68845e-17
6.33 -5.02045e-17
6.34 -4.42999e-17
6.35 -3.90819e-17
6.36 -3.44715e-17
6.37 -3.03988e-17
6.38 -2.68019e-17
6.39 -2.36258e-17
6.4 -2.08219e-17
6.41 -1.8347e-17
6.42 -1.6163e-17
6.43 -1.42361e-17
6.44 -1.25364e-17
6.45 -1.10374e-17
6.46 -9.71562e-18
6.47 -8.55043e-18
6.48 -7.52346e-18
6.49 -6.6185e-18
6.5 -5.82121e-18
6.51 -5.11893e-18
6.52 -4.50046e-18
6.53 -3.95592e-18
6.54 -3.47656e-18
6.55 -3.05467e-18
6.56 -2.68343e-18
6.57 -2.35684e-18
6.58 -2.06957e-18
6.59 -1.81695e-18
6.6 -1.59484e-18
6.61 -1.39961e-18
6.62 -1.22802e-18
6.63 -1.07725e-18
6.64 -9.44801e-19
6.65 -8.28469e-19
6.66 -7.26314e-19
6.67 -6.36626e-19
6.68 -5.57901e-19
6.69 -4.88811e-19
6.7 -4.28192e-19
6.71 -3.75014e-19
6.72 -3.28373e-19
6.73 -2.87476e-19
6.74 -2.51621e-19
6.75 -2.20193e-19
6.76 -1.92652e-19
6.77 -1.68522e-19
6.78 -1.47384e-19
6.79 -1.28871e-19
6.8 -1.12661e-19
6.81 -9.84704e-20
6.82 -8.60496e-20
6.83 -7.51803e-20
6.84 -6.56706e-20
6.85 -5.73523e-20
6.86 -5.00775e-20
6.87 -4.37166e-20
6.88 -3.8156e-20
6.89 -3.3296e-20
6.9 -2.90491e-20
6.91 -2.53387e-20
6.92 -2.20979e-20
6.93 -1.92676e-20
6.94 -1.67964e-20
6.95 -1.46393e-20
6.96 -1.27566e-20
6.97 -1.11137e-20
6.98 -9.68051e-21
6.99 -8.43042e-21
7 -7.34027e-21
7.01 -6.3898e-21
7.02 -5.56129e-21
7.03 -4.83922e-21
7.04 -4.21005e-21
7.05 -3.66194e-21
7.06 -3.18455e-21
7.07 -2.76884e-21
7.08 -2.4069e-21
7.09 -2.09186e-21
7.1 -1.81768e-21
7.11 -1.57912e-21
7.12 -1.3716e-21
7.13 -1.1911e-21
7.14 -1.03415e-21
7.15 -8.97699e-22
7.16 -7.79095e-22
7.17 -6.76024e-22
7.18 -5.8647e-22
7.19 -5.08677e-22
7.2 -4.41114e-22
7.21 -3.82448e-22
7.22 -3.31517e-22
7.23 -2.8731e-22
7.24 -2.48948e-22
7.25 -2.15665e-22
7.26 -1.86793e-22
7.27 -1.61755e-22
7.28 -1.40044e-22
7.29 -1.21222e-22
7.3 -1.0491e-22
7.31 -9.07735e-23
7.32 -7.85264e-23
7.33 -6.79179e-23
7.34 -5.87307e-23
7.35 -5.0776e-23
7.36 -4.38899e-23
7.37 -3.793e-23
7.38 -3.27728e-23
7.39 -2.83111e-23
7.4 -2.44518e-23
7.41 -2.11144e-23
7.42 -1.82288e-23
7.43 -1.57344e-23
7.44 -1.35786e-23
7.45 -1.17158e-23
7.46 -1.01065e-23
7.47 -8.71652e-24
7.48 -7.51618e-24
7.49 -6.47983e-24
7.5 -5.58525e-24
7.51 -4.8132e-24
7.52 -4.14703e-24
7.53 -3.57234e-24
7.54 -3.07667e-24
7.55 -2.64924e-24
7.56 -2.28073e-24
7.57 -1.96309e-24
7.58 -1.68934e-24
7.59 -1.45348e-24
7.6 -1.25029e-24
7.61 -1.07529e-24
7.62 -9.24598e-25
7.63 -7.94863e-25
7.64 -6.83195e-25
7.65 -5.87096e-25
7.66 -5.04413e-25
7.67 -4.33287e-25
7.68 -3.72115e-25
7.69 -3.19515e-25
7.7 -2.74295e-25
7.71 -2.35427e-25
7.72 -2.02026e-25
7.73 -1.73329e-25
7.74 -1.48678e-25
7.75 -1.27508e-25
7.76 -1.09329e-25
7.77 -9.3724e-26
7.78 -8.03298e-26
7.79 -6.88359e-26
7.8 -5.89747e-26
7.81 -5.0516e-26
7.82 -4.32618e-26
7.83 -3.70418e-26
7.84 -3.17097e-26
7.85 -2.71397e-26
7.86 -2.32237e-26
7.87 -1.98686e-26
7.88 -1.69949e-26
7.89 -1.45339e-26
7.9 -1.24267e-26
7.91 -1.06229e-26
7.92 -9.07911e-27
7.93 -7.75811e-27
7.94 -6.62797e-27
7.95 -5.66132e-27
7.96 -4.83468e-27
7.97 -4.12791e-27
7.98 -3.52375e-27
7.99 -3.0074e-27
8 -2.5662e-27
8.01 -2.18929e-27
8.02 -1.86736e-27
8.03 -1.59245e-27
8.04 -1.35773e-27
8.05 -1.15738e-27
8.06 -9.86394e-28
8.07 -8.40499e-28
8.08 -7.16039e-28
8.09 -6.09886e-28
8.1 -5.19365e-28
8.11 -4.4219e-28
8.12 -3.76408e-28
8.13 -3.20347e-28
8.14 -2.7258e-28
8.15 -2.3189e-28
8.16 -1.97233e-28
8.17 -1.67723e-28
8.18 -1.42599e-28
8.19 -1.21214e-28
8.2 -1.03015e-28
8.21 -8.75313e-29
8.22 -7.43597e-29
8.23 -6.31574e-29
8.24 -5.36319e-29
8.25 -4.55339e-29
8.26 -3.86509e-29
8.27 -3.28017e-29
8.28 -2.7832e-29
8.29 -2.36106e-29
8.3 -2.00254e-29
8.31 -1.69812e-29
8.32 -1.43968e-29
8.33 -1.22033e-29
8.34 -1.0342e-29
8.35 -8.76273e-30
8.36 -7.42315e-30
8.37 -6.2871e-30
8.38 -5.32383e-30
8.39 -4.50725e-30
8.4 -3.81514e-30
8.41 -3.22866e-30
8.42 -2.73179e-30
8.43 -2.31091e-30
8.44 -1.95449e-30
8.45 -1.6527e-30
8.46 -1.39724e-30
8.47 -1.18102e-30
8.48 -9.98059e-31
8.49 -8.43273e-31
8.5 -7.12349e-31
8.51 -6.01631e-31
8.52 -5.08019e-31
8.53 -4.28886e-31
8.54 -3.62007e-31
8.55 -3.05495e-31
8.56 -2.57753e-31
8.57 -2.17429e-31
8.58 -1.83376e-31
8.59 -1.54625e-31
8.6 -1.30356e-31
8.61 -1.09873e-31
8.62 -9.25907e-32
8.63 -7.80109e-32
8.64 -6.57136e-32
8.65 -5.53437e-32
8.66 -4.66009e-32
8.67 -3.92312e-32
8.68 -3.30204e-32
8.69 -2.77873e-32
8.7 -2.33788e-32
8.71 -1.96657e-32
8.72 -1.6539e-32
8.73 -1.39067e-32
8.74 -1.1691e-32
8.75 -9.82627e-33
8.76 -8.25733e-33
8.77 -6.93751e-33
8.78 -5.82746e-33
8.79 -4.89405e-33
8.8 -4.10932e-33
8.81 -3.44972e-33
8.82 -2.89541e-33
8.83 -2.42968e-33
8.84 -2.03846e-33
8.85 -1.70988e-33
8.86 -1.43398e-33
8.87 -1.20235e-33
8.88 -1.00794e-33
8.89 -8.44791e-34
8.9 -7.07908e-34
8.91 -5.93084e-34
8.92 -4.96786e-34
8.93 -4.16039e-34
8.94 -3.48347e-34
8.95 -2.9161e-34
8.96 -2.44065e-34
8.97 -2.0423e-34
8.98 -1.70863e-34
8.99 -1.42919e-34
9 -1.19521e-34
9.01 -9.99329e-35
9.02 -8.35385e-35
9.03 -6.98197e-35
9.04 -5.83421e-35
9.05 -4.87414e-35
9.06 -4.07124e-35
9.07 -3.39992e-35
9.08 -2.83872e-35
9.09 -2.36968e-35
9.1 -1.97774e-35
9.11 -1.65029e-35
9.12 -1.37678e-35
9.13 -1.14837e-35
9.14 -9.57663e-36
9.15 -7.98464e-36
9.16 -6.65595e-36
9.17 -5.54725e-36
9.18 -4.6223e-36
9.19 -3.8508e-36
9.2 -3.20743e-36
9.21 -2.67101e-36
9.22 -2.22385e-36
9.23 -1.85118e-36
9.24 -1.54066e-36
9.25 -1.28196e-36
9.26 -1.06649e-36
9.27 -8.87054e-37
9.28 -7.37661e-37
9.29 -6.13304e-37
9.3 -5.09809e-37
9.31 -4.23694e-37
9.32 -3.52054e-37
9.33 -2.92469e-37
9.34 -2.42919e-37
9.35 -2.01724e-37
9.36 -1.67481e-37
9.37 -1.39023e-37
9.38 -1.15377e-37
9.39 -9.57336e-38
9.4 -7.94187e-38
9.41 -6.58709e-38
9.42 -5.46232e-38
9.43 -4.5287e-38
9.44 -3.7539e-38
9.45 -3.11103e-38
9.46 -2.57774e-38
9.47 -2.13543e-38
9.48 -1.76866e-38
9.49 -1.46459e-38
9.5 -1.21256e-38
9.51 -1.00369e-38
9.52 -8.30635e-39
9.53 -6.87279e-39
9.54 -5.6855e-39
9.55 -4.70237e-39
9.56 -3.88846e-39
9.57 -3.21478e-39
9.58 -2.65728e-39
9.59 -2.19602e-39
9.6 -1.81446e-39
9.61 -1.4989e-39
9.62 -1.23797e-39
9.63 -1.02225e-39
9.64 -8.43958e-40
9.65 -6.9662e-40
9.66 -5.74888e-40
9.67 -4.74334e-40
9.68 -3.91288e-40
9.69 -3.22717e-40
9.7 -2.6611e-40
9.71 -2.19387e-40
9.72 -1.80832e-40
9.73 -1.49022e-40
9.74 -1.22784e-40
9.75 -1.01145e-40
9.76 -8.33023e-41
9.77 -6.85937e-41
9.78 -5.64708e-41
9.79 -4.64811e-41
9.8 -3.82509e-41
9.81 -3.14716e-41
9.82 -2.58887e-41
9.83 -2.12918e-41
9.84 -1.75077e-41
9.85 -1.43932e-41
9.86 -1.18304e-41
9.87 -9.72194e-42
9.88 -7.98766e-42
9.89 -6.56144e-42
9.9 -5.38879e-42
9.91 -4.42482e-42
9.92 -3.63256e-42
9.93 -2.98156e-42
9.94 -2.44673e-42
9.95 -2.00744e-42
9.96 -1.64668e-42
9.97 -1.35049e-42
9.98 -1.10735e-42
9.99 -9.07802e-43
10 -7.44064e-43
10.01 -6.09736e-43
10.02 -4.99559e-43
10.03 -4.09208e-43
10.04 -3.3513e-43
10.05 -2.74408e-43
10.06 -2.24642e-43
10.07 -1.83865e-43
10.08 -1.5046e-43
10.09 -1.23099e-43
10.1 -1.00693e-43
10.11 -8.23492e-44
10.12 -6.73335e-44
10.13 -5.50447e-44
10.14 -4.49896e-44
10.15 -3.6764e-44
10.16 -3.00362e-44
10.17 -2.45347e-44
10.18 -2.00368e-44
10.19 -1.63602e-44
10.2 -1.33556e-44
10.21 -1.09005e-44
10.22 -8.89502e-45
10.23 -7.25702e-45
10.24 -5.91947e-45
10.25 -4.82747e-45
10.26 -3.93613e-45
10.27 -3.20872e-45
10.28 -2.61521e-45
10.29 -2.13106e-45
10.3 -1.73618e-45
10.31 -1.4142e-45
10.32 -1.15169e-45
10.33 -9.37723e-46
10.34 -7.63354e-46
10.35 -6.21284e-46
10.36 -5.05554e-46
10.37 -4.11299e-46
10.38 -3.34549e-46
10.39 -2.72066e-46
10.4 -2.21209e-46
10.41 -1.79822e-46
10.42 -1.46149e-46
10.43 -1.18758e-46
10.44 -9.64812e-47
10.45 -7.83672e-47
10.46 -6.36413e-47
10.47 -5.16721e-47
10.48 -4.19456e-47
10.49 -3.40431e-47
10.5 -2.76238e-47
10.51 -2.24105e-47
10.52 -1.81775e-47
10.53 -1.4741e-47
10.54 -1.19518e-47
10.55 -9.68841e-48
10.56 -7.85208e-48
10.57 -6.36252e-48
10.58 -5.1545e-48
10.59 -4.17501e-48
10.6 -3.38096e-48
10.61 -2.73738e-48
10.62 -2.21587e-48
10.63 -1.79335e-48
10.64 -1.45111e-48
10.65 -1.17394e-48
10.66 -9.49523e-49
10.67 -7.67853e-49
10.68 -6.20816e-49
10.69 -5.01835e-49
10.7 -4.05575e-49
10.71 -3.27714e-49
10.72 -2.64747e-49
10.73 -2.13835e-49
10.74 -1.7268e-49
10.75 -1.39417e-49
10.76 -1.12539e-49
10.77 -9.08244e-50
10.78 -7.3285e-50
10.79 -5.91208e-50
10.8 -4.76847e-50
10.81 -3.8453e-50
10.82 -3.10023e-50
10.83 -2.49902e-50
10.84 -2.014e-50
10.85 -1.62279e-50
10.86 -1.3073e-50
10.87 -1.05294e-50
10.88 -8.47899e-51
10.89 -6.82649e-51
10.9 -5.49494e-51
10.91 -4.42223e-51
10.92 -3.55822e-51
10.93 -2.86245e-51
10.94 -2.30226e-51
10.95 -1.85133e-51
10.96 -1.48842e-51
10.97 -1.19642e-51
10.98 -9.61502e-52
10.99 -7.72558e-52
11 -6.20619e-52
11.01 -4.98461e-52
11.02 -4.00268e-52
11.03 -3.21353e-52
11.04 -2.57945e-52
11.05 -2.07007e-52
11.06 -1.66095e-52
11.07 -1.33241e-52
11.08 -1.06865e-52
11.09 -8.56926e-53
11.1 -6.87013e-53
11.11 -5.5068e-53
11.12 -4.41313e-53
11.13 -3.53595e-53
11.14 -2.83256e-53
11.15 -2.26864e-53
11.16 -1.81662e-53
11.17 -1.45437e-53
11.18 -1.16412e-53
11.19 -9.31611e-54
11.2 -7.45391e-54
11.21 -5.96275e-54
11.22 -4.76894e-54
11.23 -3.81337e-54
11.24 -3.04867e-54
11.25 -2.43682e-54
11.26 -1.94738e-54
11.27 -1.55592e-54
11.28 -1.24291e-54
11.29 -9.92671e-55
11.3 -7.92652e-55
11.31 -6.32809e-55
11.32 -5.05098e-55
11.33 -4.0308e-55
11.34 -3.21603e-55
11.35 -2.56544e-55
11.36 -2.04605e-55
11.37 -1.63149e-55
11.38 -1.30066e-55
11.39 -1.03671e-55
11.4 -8.26154e-56
11.41 -6.58233e-56
11.42 -5.24337e-56
11.43 -4.17594e-56
11.44 -3.32515e-56
11.45 -2.64716e-56
11.46 -2.10699e-56
11.47 -1.67671e-56
11.48 -1.33403e-56
11.49 -1.06117e-56
11.5 -8.43957e-57
11.51 -6.71068e-57
11.52 -5.3349e-57
11.53 -4.24031e-57
11.54 -3.36964e-57
11.55 -2.6772e-57
11.56 -2.12663e-57
11.57 -1.68894e-57
11.58 -1.34107e-57
11.59 -1.06463e-57
11.6 -8.45008e-58
11.61 -6.70557e-58
11.62 -5.32014e-58
11.63 -4.2201e-58
11.64 -3.34685e-58
11.65 -2.65376e-58
11.66 -2.10378e-58
11.67 -1.66745e-58
11.68 -1.32135e-58
11.69 -1.04687e-58
11.7 -8.29246e-59
11.71 -6.56729e-59
11.72 -5.19998e-59
11.73 -4.11652e-59
11.74 -3.25815e-59
11.75 -2.57825e-59
11.76 -2.03982e-59
11.77 -1.61351e-59
11.78 -1.27604e-59
11.79 -1.00895e-59
11.8 -7.97606e-60
11.81 -6.30404e-60
11.82 -4.98153e-60
11.83 -3.93568e-60
11.84 -3.10878e-60
11.85 -2.45511e-60
11.86 -1.9385e-60
11.87 -1.53029e-60
11.88 -1.2078e-60
11.89 -9.5308e-61
11.9 -7.51927e-61
11.91 -5.9311e-61
11.92 -4.67743e-61
11.93 -3.68801e-61
11.94 -2.9073e-61
11.95 -2.2914e-61
11.96 -1.80561e-61
11.97 -1.42253e-61
11.98 -1.1205e-61
11.99 -8.82414e-62
12 -6.9478e-62
12.01 -5.46934e-62
12.02 -4.30463e-62
12.03 -3.38726e-62
12.04 -2.66486e-62
12.05 -2.09611e-62
12.06 -1.64841e-62
12.07 -1.29608e-62
12.08 -1.01885e-62
12.09 -8.00754e-63
12.1 -6.2922e-63
12.11 -4.94332e-63
12.12 -3.88282e-63
12.13 -3.04922e-63
12.14 -2.39411e-63
12.15 -1.87937e-63
12.16 -1.475e-63
12.17 -1.1574e-63
12.18 -9.08011e-64
12.19 -7.12213e-64
12.2 -5.58524e-64
12.21 -4.37912e-64
12.22 -3.43276e-64
12.23 -2.69038e-64
12.24 -2.10813e-64
12.25 -1.65156e-64
12.26 -1.29361e-64
12.27 -1.01303e-64
12.28 -7.93156e-65
12.29 -6.20878e-65
12.3 -4.85922e-65
12.31 -3.80224e-65
12.32 -2.97458e-65
12.33 -2.32661e-65
12.34 -1.81943e-65
12.35 -1.42253e-65
12.36 -1.11198e-65
12.37 -8.69057e-66
12.38 -6.79065e-66
12.39 -5.30502e-66
12.4 -4.14358e-66
12.41 -3.23577e-66
12.42 -2.52634e-66
12.43 -1.97206e-66
12.44 -1.53908e-66
12.45 -1.20092e-66
12.46 -9.3687e-67
12.47 -7.30732e-67
12.48 -5.69836e-67
12.49 -4.44278e-67
12.5 -3.46316e-67
12.51 -2.699e-67
12.52 -2.10303e-67
12.53 -1.63833e-67
12.54 -1.27606e-67
12.55 -9.93693e-68
12.56 -7.73654e-68
12.57 -6.02219e-68
12.58 -4.68678e-68
12.59 -3.64677e-68
12.6 -2.83697e-68
12.61 -2.20655e-68
12.62 -1.71587e-68
12.63 -1.33404e-68
12.64 -1.03697e-68
12.65 -8.05894e-69
12.66 -6.26183e-69
12.67 -4.86449e-69
12.68 -3.77821e-69
12.69 -2.93392e-69
12.7 -2.27784e-69
12.71 -1.76812e-69
12.72 -1.37218e-69
12.73 -1.06469e-69
12.74 -8.25945e-70
12.75 -6.40605e-70
12.76 -4.96755e-70
12.77 -3.8513e-70
12.78 -2.98528e-70
12.79 -2.31353e-70
12.8 -1.79258e-70
12.81 -1.38866e-70
12.82 -1.07554e-70
12.83 -8.3285e-71
12.84 -6.44795e-71
12.85 -4.99103e-71
12.86 -3.86252e-71
12.87 -2.98858e-71
12.88 -2.31191e-71
12.89 -1.78809e-71
12.9 -1.38268e-71
12.91 -1.06898e-71
12.92 -8.26278e-72
12.93 -6.38553e-72
12.94 -4.93379e-72
12.95 -3.81134e-72
12.96 -2.94366e-72
12.97 -2.27305e-72
12.98 -1.75487e-72
12.99 -1.35454e-72
13 -1.04533e-72
13.01 -8.06545e-73
13.02 -6.22179e-73
13.03 -4.79861e-73
13.04 -3.70022e-73
13.05 -2.85268e-73
13.06 -2.19883e-73
13.07 -1.69451e-73
13.08 -1.30559e-73
13.09 -1.00574e-73
13.1 -7.74595e-74
13.11 -5.96455e-74
13.12 -4.59191e-74
13.13 -3.53445e-74
13.14 -2.71997e-74
13.15 -2.09275e-74
13.16 -1.60985e-74
13.17 -1.23813e-74
13.18 -9.52047e-75
13.19 -7.31922e-75
13.2 -5.62579e-75
13.21 -4.3233e-75
13.22 -3.3217e-75
13.23 -2.55163e-75
13.24 -1.95969e-75
13.25 -1.50477e-75
13.26 -1.15523e-75
13.27 -8.867e-76
13.28 -6.80454e-76
13.29 -5.22076e-76
13.3 -4.00481e-76
13.31 -3.07144e-76
13.32 -2.35514e-76
13.33 -1.80552e-76
13.34 -1.38389e-76
13.35 -1.06051e-76
13.36 -8.1253e-77
13.37 -6.22411e-77
13.38 -4.76682e-77
13.39 -3.65e-77
13.4 -2.79428e-77
13.41 -2.13874e-77
13.42 -1.63667e-77
13.43 -1.25221e-77
13.44 -9.57867e-78
13.45 -7.32566e-78
13.46 -5.60146e-78
13.47 -4.28221e-78
13.48 -3.27302e-78
13.49 -2.50116e-78
13.5 -1.91094e-78
13.51 -1.45971e-78
13.52 -1.1148e-78
13.53 -8.5122e-79
13.54 -6.49829e-79
13.55 -4.95986e-79
13.56 -3.78488e-79
13.57 -2.88768e-79
13.58 -2.20271e-79
13.59 -1.67989e-79
13.6 -1.2809e-79
13.61 -9.76478e-80
13.62 -7.44257e-80
13.63 -5.67148e-80
13.64 -4.32099e-80
13.65 -3.29141e-80
13.66 -2.50666e-80
13.67 -1.90862e-80
13.68 -1.45298e-80
13.69 -1.10588e-80
13.7 -8.41537e-81
13.71 -6.40251e-81
13.72 -4.87012e-81
13.73 -3.70376e-81
13.74 -2.81616e-81
13.75 -2.14085e-81
13.76 -1.62715e-81
13.77 -1.23647e-81
13.78 -9.39398e-82
13.79 -7.13559e-82
13.8 -5.41904e-82
13.81 -4.11461e-82
13.82 -3.12354e-82
13.83 -2.37071e-82
13.84 -1.79897e-82
13.85 -1.36484e-82
13.86 -1.03527e-82
13.87 -7.85119e-83
13.88 -5.95295e-83
13.89 -4.51275e-83
13.9 -3.42029e-83
13.91 -2.59178e-83
13.92 -1.96357e-83
13.93 -1.48733e-83
13.94 -1.12637e-83
13.95 -8.52841e-84
13.96 -6.45607e-84
13.97 -4.8863e-84
13.98 -3.69748e-84
13.99 -2.79734e-84
14 -2.1159e-84
14.01 -1.60015e-84
14.02 -1.20987e-84
14.03 -9.14592e-85
14.04 -6.91243e-85
14.05 -5.22332e-85
14.06 -3.94617e-85
14.07 -2.98069e-85
14.08 -2.25098e-85
14.09 -1.69957e-85
14.1 -1.28298e-85
14.11 -9.68309e-86
14.12 -7.30668e-86
14.13 -5.51239e-86
14.14 -4.15788e-86
14.15 -3.13557e-86
14.16 -2.36415e-86
14.17 -1.78216e-86
14.18 -1.34317e-86
14.19 -1.01211e-86
14.2 -7.62495e-87
14.21 -5.74328e-87
14.22 -4.32509e-87
14.23 -3.25645e-87
14.24 -2.45135e-87
14.25 -1.84493e-87
14.26 -1.38825e-87
14.27 -1.0444e-87
14.28 -7.85563e-88
14.29 -5.90755e-88
14.3 -4.44167e-88
14.31 -3.33886e-88
14.32 -2.50936e-88
14.33 -1.88556e-88
14.34 -1.41655e-88
14.35 -1.06399e-88
14.36 -7.9901e-89
14.37 -5.99904e-89
14.38 -4.50323e-89
14.39 -3.37971e-89
14.4 -2.53599e-89
14.41 -1.90252e-89
14.42 -1.427e-89
14.43 -1.07012e-89
14.44 -8.02327e-90
14.45 -6.01429e-90
14.46 -4.50744e-90
14.47 -3.37745e-90
14.48 -2.53024e-90
14.49 -1.89516e-90
14.5 -1.4192e-90
14.51 -1.06256e-90
14.52 -7.95386e-91
14.53 -5.95271e-91
14.54 -4.45414e-91
14.55 -3.33216e-91
14.56 -2.49231e-91
14.57 -1.86376e-91
14.58 -1.39345e-91
14.59 -1.04161e-91
14.6 -7.78453e-92
14.61 -5.81664e-92
14.62 -4.34536e-92
14.63 -3.24557e-92
14.64 -2.42365e-92
14.65 -1.80951e-92
14.66 -1.35072e-92
14.67 -1.00806e-92
14.68 -7.52168e-93
14.69 -5.61123e-93
14.7 -4.18519e-93
14.71 -3.12093e-93
14.72 -2.32684e-93
14.73 -1.73445e-93
14.74 -1.29262e-93
14.75 -9.63144e-94
14.76 -7.17506e-94
14.77 -5.34407e-94
14.78 -3.97954e-94
14.79 -2.96282e-94
14.8 -2.20542e-94
14.81 -1.64131e-94
14.82 -1.22124e-94
14.83 -9.08504e-95
14.84 -6.75716e-95
14.85 -5.02476e-95
14.86 -3.73576e-95
14.87 -2.77687e-95
14.88 -2.06369e-95
14.89 -1.53337e-95
14.9 -1.1391e-95
14.91 -8.46039e-96
14.92 -6.28249e-96
14.93 -4.66429e-96
14.94 -3.46221e-96
14.95 -2.56941e-96
14.96 -1.90645e-96
14.97 -1.41427e-96
14.98 -1.04894e-96
14.99 -7.77827e-97
15 -5.7667e-97
15.01 -4.2745e-97
15.02 -3.16779e-97
15.03 -2.34714e-97
15.04 -1.73875e-97
15.05 -1.28779e-97
15.06 -9.53604e-98
15.07 -7.05998e-98
15.08 -5.22579e-98
15.09 -3.86735e-98
15.1 -2.86146e-98
15.11 -2.11678e-98
15.12 -1.56558e-98
15.13 -1.15768e-98
15.14 -8.55883e-99
15.15 -6.32635e-99
15.16 -4.67526e-99
15.17 -3.45438e-99
15.18 -2.55181e-99
15.19 -1.88469e-99
15.2 -1.39169e-99
15.21 -1.02745e-99
15.22 -7.58384e-100
15.23 -5.5967e-100
15.24 -4.12941e-100
15.25 -3.04619e-100
15.26 -2.24666e-100
15.27 -1.65666e-100
15.28 -1.22135e-100
15.29 -9.00244e-101
15.3 -6.63428e-101
15.31 -4.8881e-101
15.32 -3.6008e-101
15.33 -2.65199e-101
15.34 -1.95279e-101
15.35 -1.43765e-101
15.36 -1.05819e-101
15.37 -7.78735e-102
15.38 -5.72963e-102
15.39 -4.2148e-102
15.4 -3.09984e-102
15.41 -2.27937e-102
15.42 -1.67573e-102
15.43 -1.2317e-102
15.44 -9.05151e-103
15.45 -6.65041e-103
15.46 -4.88528e-103
15.47 -3.58792e-103
15.48 -2.63457e-103
15.49 -1.93414e-103
15.5 -1.41965e-103
15.51 -1.04181e-103
15.52 -7.64373e-104
15.53 -5.60708e-104
15.54 -4.11227e-104
15.55 -3.01536e-104
15.56 -2.21059e-104
15.57 -1.62029e-104
15.58 -1.18738e-104
15.59 -8.69956e-105
15.6 -6.37264e-105
15.61 -4.66718e-105
15.62 -3.41745e-105
15.63 -2.50186e-105
15.64 -1.83121e-105
15.65 -1.34006e-105
15.66 -9.80448e-106
15.67 -7.17195e-106
15.68 -5.24521e-106
15.69 -3.83532e-106
15.7 -2.80384e-106
15.71 -2.04936e-106
15.72 -1.4976e-106
15.73 -1.09418e-106
15.74 -7.99264e-107
15.75 -5.83723e-107
15.76 -4.26223e-107
15.77 -3.11157e-107
15.78 -2.27109e-107
15.79 -1.65731e-107
15.8 -1.20916e-107
15.81 -8.82021e-108
15.82 -6.43259e-108
15.83 -4.69036e-108
15.84 -3.41932e-108
15.85 -2.49222e-108
15.86 -1.81612e-108
15.87 -1.32318e-108
15.88 -9.63835e-109
15.89 -7.01941e-109
15.9 -5.11107e-109
15.91 -3.7208e-109
15.92 -2.70815e-109
15.93 -1.97071e-109
15.94 -1.43379e-109
15.95 -1.04295e-109
15.96 -7.58492e-110
15.97 -5.51509e-110
15.98 -4.00929e-110
15.99 -2.91404e-110
16 -2.11756e-110
16.01 -1.53847e-110
16.02 -1.11752e-110
16.03 -8.1159e-111
16.04 -5.8929e-111
16.05 -4.27794e-111
16.06 -3.10494e-111
16.07 -2.25312e-111
16.08 -1.63467e-111
16.09 -1.18573e-111
16.1 -8.5992e-112
16.11 -6.23507e-112
16.12 -4.51999e-112
16.13 -3.27603e-112
16.14 -2.37394e-112
16.15 -1.71991e-112
16.16 -1.24581e-112
16.17 -9.02225e-113
16.18 -6.53265e-113
16.19 -4.72908e-113
16.2 -3.42276e-113
16.21 -2.47679e-113
16.22 -1.79191e-113
16.23 -1.29615e-113
16.24 -9.37363e-114
16.25 -6.77755e-114
16.26 -4.89949e-114
16.27 -3.54113e-114
16.28 -2.55886e-114
16.29 -1.84869e-114
16.3 -1.33534e-114
16.31 -9.64353e-115
16.32 -6.96293e-115
16.33 -5.02645e-115
16.34 -3.6278e-115
16.35 -2.61781e-115
16.36 -1.88863e-115
16.37 -1.36228e-115
16.38 -9.82428e-116
16.39 -7.0835e-116
16.4 -5.10631e-116
16.41 -3.68027e-116
16.42 -2.65195e-116
16.43 -1.91058e-116
16.44 -1.37618e-116
16.45 -9.91063e-117
16.46 -7.13574e-117
16.47 -5.13676e-117
16.48 -3.69703e-117
16.49 -2.6603e-117
16.5 -1.9139e-117
16.51 -1.37665e-117
16.52 -9.90006e-118
16.53 -7.11814e-118
16.54 -5.11691e-118
16.55 -3.67758e-118
16.56 -2.64259e-118
16.57 -1.8985e-118
16.58 -1.36365e-118
16.59 -9.79288e-119
16.6 -7.03121e-119
16.61 -5.04734e-119
16.62 -3.6225e-119
16.63 -2.59936e-119
16.64 -1.86482e-119
16.65 -1.33759e-119
16.66 -9.59223e-120
16.67 -6.87749e-120
16.68 -4.93007e-120
16.69 -3.53337e-120
16.7 -2.53185e-120
16.71 -1.81385e-120
16.72 -1.2992e-120
16.73 -9.30389e-121
16.74 -6.6614e-121
16.75 -4.76848e-121
16.76 -3.41277e-121
16.77 -2.44201e-121
16.78 -1.74703e-121
16.79 -1.24959e-121
16.8 -8.93606e-122
16.81 -6.38908e-122
16.82 -4.56713e-122
16.83 -3.26408e-122
16.84 -2.33234e-122
16.85 -1.66624e-122
16.86 -1.19013e-122
16.87 -8.49892e-123
16.88 -6.06802e-123
16.89 -4.33155e-123
16.9 -3.09138e-123
16.91 -2.20584e-123
16.92 -1.57365e-123
16.93 -1.12242e-123
16.94 -8.0042e-124
16.95 -5.70679e-124
16.96 -4.06798e-124
16.97 -2.89921e-124
16.98 -2.06582e-124
16.99 -1.4717e-124
17 -1.04823e-124
17.01 -7.46464e-125
17.02 -5.31464e-125
17.03 -3.78313e-125
17.04 -2.69242e-125
17.05 -1.91578e-125
17.06 -1.3629e-125
17.07 -9.69378e-126
17.08 -6.89344e-126
17.09 -4.90108e-126
17.1 -3.48386e-126
17.11 -2.47595e-126
17.12 -1.75929e-126
17.13 -1.24981e-126
17.14 -8.877e-127
17.15 -6.30377e-127
17.16 -4.47556e-127
17.17 -3.17692e-127
17.18 -2.25465e-127
17.19 -1.5998e-127
17.2 -1.13492e-127
17.21 -8.04963e-128
17.22 -5.70822e-128
17.23 -4.04705e-128
17.24 -2.86873e-128
17.25 -2.03307e-128
17.26 -1.44055e-128
17.27 -1.02052e-128
17.28 -7.22807e-129
17.29 -5.11845e-129
17.3 -3.62382e-129
17.31 -2.56513e-129
17.32 -1.81536e-129
17.33 -1.28449e-129
17.34 -9.08682e-130
17.35 -6.42696e-130
17.36 -4.54477e-130
17.37 -3.21316e-130
17.38 -2.27125e-130
17.39 -1.60513e-130
17.4 -1.13415e-130
17.41 -8.012e-131
17.42 -5.65882e-131
17.43 -3.99598e-131
17.44 -2.8212e-131
17.45 -1.9914e-131
17.46 -1.40538e-131
17.47 -9.91617e-132
17.48 -6.99531e-132
17.49 -4.93381e-132
17.5 -3.47913e-132
17.51 -2.45286e-132
17.52 -1.72897e-132
17.53 -1.21847e-132
17.54 -8.58531e-133
17.55 -6.04797e-133
17.56 -4.25967e-133
17.57 -2.99955e-133
17.58 -2.11178e-133
17.59 -1.48646e-133
17.6 -1.0461e-133
17.61 -7.36046e-134
17.62 -5.17785e-134
17.63 -3.64173e-134
17.64 -2.56081e-134
17.65 -1.80037e-134
17.66 -1.26549e-134
17.67 -8.89341e-135
17.68 -6.24872e-135
17.69 -4.38962e-135
17.7 -3.08301e-135
17.71 -2.1649e-135
17.72 -1.51989e-135
17.73 -1.06684e-135
17.74 -7.48687e-136
17.75 -5.25308e-136
17.76 -3.68503e-136
17.77 -2.58452e-136
17.78 -1.81231e-136
17.79 -1.27057e-136
17.8 -8.9059e-137
17.81 -6.24122e-137
17.82 -4.37295e-137
17.83 -3.06332e-137
17.84 -2.14547e-137
17.85 -1.50233e-137
17.86 -1.05178e-137
17.87 -7.36195e-138
17.88 -5.152e-138
17.89 -3.60472e-138
17.9 -2.52162e-138
17.91 -1.76361e-138
17.92 -1.23321e-138
17.93 -8.62154e-139
17.94 -6.02623e-139
17.95 -4.21133e-139
17.96 -2.94243e-139
17.97 -2.05545e-139
17.98 -1.43555e-139
17.99 -1.00241e-139
18 -6.99816e-140
18.01 -4.88467e-140
18.02 -3.40879e-140
18.03 -2.37836e-140
18.04 -1.65909e-140
18.05 -1.15711e-140
18.06 -8.06845e-141
18.07 -5.62497e-141
18.08 -3.92069e-141
18.09 -2.73224e-141
18.1 -1.90365e-141
18.11 -1.32608e-141
18.12 -9.23559e-142
18.13 -6.43091e-142
18.14 -4.47707e-142
18.15 -3.11622e-142
18.16 -2.16858e-142
18.17 -1.50881e-142
18.18 -1.04956e-142
18.19 -7.29951e-143
18.2 -5.07566e-143
18.21 -3.52862e-143
18.22 -2.45262e-143
18.23 -1.70439e-143
18.24 -1.18418e-143
18.25 -8.22589e-144
18.26 -5.71295e-144
18.27 -3.96689e-144
18.28 -2.75393e-144
18.29 -1.91148e-144
18.3 -1.32647e-144
18.31 -9.20324e-145
18.32 -6.38404e-145
18.33 -4.42756e-145
18.34 -3.07005e-145
18.35 -2.12833e-145
18.36 -1.47519e-145
18.37 -1.02227e-145
18.38 -7.08272e-146
18.39 -4.90621e-146
18.4 -3.39786e-146
18.41 -2.35276e-146
18.42 -1.62878e-146
18.43 -1.12736e-146
18.44 -7.8014e-147
18.45 -5.39756e-147
18.46 -3.73366e-147
18.47 -2.58217e-147
18.48 -1.78545e-147
18.49 -1.23431e-147
18.5 -8.53128e-148
18.51 -5.89544e-148
18.52 -4.07316e-148
18.53 -2.81359e-148
18.54 -1.94313e-148
18.55 -1.3417e-148
18.56 -9.2624e-149
18.57 -6.39299e-149
18.58 -4.41162e-149
18.59 -3.04372e-149
18.6 -2.09954e-149
18.61 -1.44796e-149
18.62 -9.98394e-150
18.63 -6.88273e-150
18.64 -4.74386e-150
18.65 -3.26901e-150
18.66 -2.25224e-150
18.67 -1.5514e-150
18.68 -1.06844e-150
18.69 -7.35674e-151
18.7 -5.06448e-151
18.71 -3.48576e-151
18.72 -2.39869e-151
18.73 -1.6503e-151
18.74 -1.13518e-151
18.75 -7.8069e-152
18.76 -5.36793e-152
18.77 -3.69018e-152
18.78 -2.5363e-152
18.79 -1.74288e-152
18.8 -1.19742e-152
18.81 -8.2251e-153
18.82 -5.64868e-153
18.83 -3.87852e-153
18.84 -2.66255e-153
18.85 -1.82744e-153
18.86 -1.25401e-153
18.87 -8.60343e-154
18.88 -5.90141e-154
18.89 -4.04718e-154
18.9 -2.775e-154
18.91 -1.90233e-154
18.92 -1.30383e-154
18.93 -8.93452e-155
18.94 -6.12116e-155
18.95 -4.19284e-155
18.96 -2.87142e-155
18.97 -1.96607e-155
18.98 -1.3459e-155
18.99 -9.21169e-156
19 -6.30347e-156
19.01 -4.31254e-156
19.02 -2.94985e-156
19.03 -2.01734e-156
19.04 -1.37934e-156
19.05 -9.42923e-157
19.06 -6.44458e-157
19.07 -4.40379e-157
19.08 -3.00864e-157
19.09 -2.05508e-157
19.1 -1.40346e-157
19.11 -9.58257e-158
19.12 -6.54152e-158
19.13 -4.46466e-158
19.14 -3.04657e-158
19.15 -2.07848e-158
19.16 -1.41773e-158
19.17 -9.66845e-159
19.18 -6.59221e-159
19.19 -4.49385e-159
19.2 -3.06281e-159
19.21 -2.08705e-159
19.22 -1.42187e-159
19.23 -9.68501e-160
19.24 -6.59558e-160
19.25 -4.49075e-160
19.26 -3.05701e-160
19.27 -2.0806e-160
19.28 -1.41578e-160
19.29 -9.63191e-161
19.3 -6.55154e-161
19.31 -4.4554e-161
19.32 -3.02931e-161
19.33 -2.05927e-161
19.34 -1.39958e-161
19.35 -9.51028e-162
19.36 -6.46104e-162
19.37 -4.38858e-162
19.38 -2.9803e-162
19.39 -2.02352e-162
19.4 -1.37363e-162
19.41 -9.32273e-163
19.42 -6.32602e-163
19.43 -4.29171e-163
19.44 -2.91101e-163
19.45 -1.97411e-163
19.46 -1.33847e-163
19.47 -9.07324e-164
19.48 -6.14933e-164
19.49 -4.16683e-164
19.5 -2.82291e-164
19.51 -1.91206e-164
19.52 -1.29485e-164
19.53 -8.76698e-165
19.54 -5.93463e-165
19.55 -4.01652e-165
19.56 -2.71781e-165
19.57 -1.83866e-165
19.58 -1.24365e-165
19.59 -8.41021e-166
19.6 -5.68629e-166
19.61 -3.84382e-166
19.62 -2.59783e-166
19.63 -1.75538e-166
19.64 -1.18589e-166
19.65 -8.01001e-167
19.66 -5.4092e-167
19.67 -3.65213e-167
19.68 -2.46531e-167
19.69 -1.66384e-167
19.7 -1.1227e-167
19.71 -7.57404e-168
19.72 -5.10865e-168
19.73 -3.44506e-168
19.74 -2.32274e-168
19.75 -1.56573e-168
19.76 -1.05523e-168
19.77 -7.11036e-169
19.78 -4.79014e-169
19.79 -3.22639e-169
19.8 -2.1727e-169
19.81 -1.46283e-169
19.82 -9.84699e-170
19.83 -6.62712e-170
19.84 -4.45922e-170
19.85 -2.9999e-170
19.86 -2.01775e-170
19.87 -1.35688e-170
19.88 -9.12278e-171
19.89 -6.13235e-171
19.9 -4.12135e-171
19.91 -2.76927e-171
19.92 -1.86039e-171
19.93 -1.24956e-171
19.94 -8.39113e-172
19.95 -5.63376e-172
19.96 -3.78172e-172
19.97 -2.53801e-172
19.98 -1.70298e-172
19.99 -1.14246e-172
